
# VR calibration matrix setting
#    ! R_CE = R_CB

# Before Calibration
# T_AD:
#   - [ 1.0, 0.0, 0.0, 0.0 ]
#   - [ 0.0, 1.0, 0.0, 0.0 ]
#   - [ 0.0, 0.0, 1.0, 0.0 ]
#   - [ 0.0, 0.0, 0.0, 1.0 ]

# T_BC:
#   - [ 1.0, 0.0, 0.0, 0.0 ]
#   - [ 0.0, 1.0, 0.0, 0.0 ]
#   - [ 0.0, 0.0, 1.0, 0.0 ]
#   - [ 0.0, 0.0, 0.0, 1.0 ]

# T_CE:
#   - [ 1.0, 0.0, 0.0, 0.0 ]
#   - [ 0.0, 1.0, 0.0, 0.0 ]
#   - [ 0.0, 0.0, 1.0, 0.0 ]
#   - [ 0.0, 0.0, 0.0, 1.0 ]

# R_Adj:
#   - [ 1.0, 0.0, 0.0 ]
#   - [ 0.0, 1.0, 0.0 ]
#   - [ 0.0, 0.0, 1.0 ]

T_BC_inv:
  - [ 1.0, 0.0, 0.0, 0.0 ]
  - [ 0.0, 1.0, 0.0, 0.0 ]
  - [ 0.0, 0.0, 1.0, 0.0 ]
  - [ 0.0, 0.0, 0.0, 1.0 ]

T_BC_PB:
  - [ 1.0, 0.0, 0.0, 0.0 ]
  - [ 0.0, 1.0, 0.0, 0.0 ]
  - [ 0.0, 0.0, 1.0, 0.0 ]
  - [ 0.0, 0.0, 0.0, 1.0 ]




# After Calibration

T_AD:
  - [-0.99873002, -0.00404338, -0.05021953, 0.59374859]
  - [-0.05027497, 0.01503098, 0.99862230, 1.31971576]
  - [-0.00328296, 0.99987885, -0.01521517, 1.34567020]
  - [0.00000000, 0.00000000, 0.00000000, 1.00000000]

T_BC:
  - [-0.47790344, 0.87825370, 0.01669539, -0.00609798]
  - [-0.87837440, -0.47797319, 0.00021440, -0.16676210]
  - [0.00816824, -0.01456234, 0.99986060, -0.49457097]
  - [0.00000000, 0.00000000, 0.00000000, 1.00000000]

T_CE:
  - [ 1.0, 0.0, 0.0, 0.0 ]
  - [ 0.0, 1.0, 0.0, 0.0 ]
  - [ 0.0, 0.0, 1.0, 0.185 ]  #0.269(latest) #0.255
  - [ 0.0, 0.0, 0.0, 1.0 ]

R_Adj:
  - [0.99906632, 0.00460061, -0.04295717]
  - [-0.00525851, 0.99987042, -0.01521496]
  - [0.04288161, 0.01542664, 0.99896105]
