 -0.331185  -0.943430  -0.016026  -0.943555   0.331214   0.000870   0.004487   0.015409  -0.999871   0.555834  -0.169495   0.190615
 -0.224094  -0.941886  -0.250265  -0.968602   0.243624  -0.049581   0.107670   0.231296  -0.966907   0.513661  -0.268028   0.311014
  0.166177  -0.986085   0.004624  -0.969007  -0.162426   0.186128  -0.182787  -0.035410  -0.982515   0.248591  -0.446532   0.096828
 -0.290110  -0.918681   0.268070  -0.936205   0.214377  -0.278502   0.198386  -0.331764  -0.922266   0.517222  -0.276118   0.402196
 -0.449464  -0.888812   0.089417  -0.881517   0.457512   0.116667  -0.144604  -0.026385  -0.989138   0.514640  -0.022555   0.136572
 -0.095403  -0.981556  -0.165667  -0.994459   0.101363  -0.027878   0.044156   0.162090  -0.985788   0.798736   0.144063   0.264196
  0.073779  -0.963820  -0.256142  -0.970933  -0.128063   0.202212  -0.227698   0.233777  -0.945252   0.510711   0.385130   0.110598
  0.482385  -0.868480   0.114224  -0.875826  -0.480470   0.045581   0.015295  -0.122028  -0.992409   0.546210   0.561847   0.297288
  0.917131   0.302847   0.259143   0.331169  -0.940774  -0.072604   0.221807   0.152408  -0.963106   0.164569   0.626483   0.267238
  0.942672  -0.291671  -0.162163  -0.293933  -0.955769   0.010408  -0.158026   0.037854  -0.986709  -0.012273   0.547519   0.100270
  0.843452  -0.382712  -0.376988  -0.443154  -0.892350  -0.085589  -0.303649   0.239254  -0.922255   0.379865   0.701605   0.333888
  0.774119  -0.541403   0.328061  -0.609726  -0.777023   0.156428   0.170220  -0.321121  -0.931615   0.691042   0.321674   0.077442
  0.573744  -0.813181   0.097749  -0.808421  -0.581413  -0.091730   0.131425  -0.026393  -0.990975   0.826838   0.163536   0.349253
  0.247254  -0.963256  -0.104898  -0.936266  -0.209628  -0.281889   0.249541   0.167910  -0.953696   0.944820  -0.020246   0.059252
  0.377938  -0.870969  -0.313968  -0.925720  -0.360759  -0.113560  -0.014359   0.333565  -0.942618   0.774916  -0.193321  -0.058851
  0.277122  -0.956773  -0.088253  -0.956447  -0.265924  -0.120387   0.091715   0.117771  -0.988796   0.636278  -0.321493   0.191082
 -0.104618  -0.991414   0.078448  -0.992734   0.099389  -0.067838   0.059458  -0.084975  -0.994607   0.253831  -0.525682   0.143857
 -0.783855  -0.610806  -0.111745  -0.597789   0.790991  -0.130314   0.167986  -0.035347  -0.985155   0.213401  -0.572905   0.298872
 -0.833623  -0.516923   0.194584  -0.552314   0.777146  -0.301652   0.004711  -0.358936  -0.933350   0.593777  -0.338630   0.096849
 -0.294154  -0.939266  -0.176787  -0.955523   0.284904   0.076191  -0.021196   0.191336  -0.981296   0.562915   0.262184   0.174350
 -0.159188  -0.986168  -0.046175  -0.967514   0.165141  -0.191427   0.196405   0.014202  -0.980420   0.493272   0.591578   0.299900
  0.334900  -0.928837  -0.158440  -0.904757  -0.363958   0.221246  -0.263167   0.069254  -0.962261   0.041634   0.668946   0.137089
  0.814367  -0.574171  -0.084461  -0.513975  -0.781135   0.354483  -0.269509  -0.245268  -0.931240   0.293100   0.627227   0.295522
  0.906439  -0.401005  -0.132523  -0.383149  -0.912802   0.141385  -0.177664  -0.077381  -0.981044   0.571404   0.323499   0.380895
  0.972272  -0.193501  -0.131316  -0.203422  -0.976812  -0.066767  -0.115351   0.091628  -0.989090   0.590381  -0.054574   0.178919
  0.584071  -0.774806  -0.241944  -0.732369  -0.631555   0.254509  -0.349996   0.028541  -0.936316   0.511327  -0.337943   0.062418
  0.220829  -0.975227   0.012939  -0.975063  -0.221053  -0.019674   0.022047  -0.008272  -0.999723   0.605533  -0.106809   0.162760
 -0.331005  -0.943493  -0.015996  -0.943619   0.331034   0.000922   0.004425   0.015399  -0.999872   0.555883  -0.169435   0.190638
