0.000 0.000 0.000 0.000 0.000 0.000 0.000 0.000 0.000
0.503 0.864 -0.014 -0.028 0.001 -1.000 -0.864 0.503 0.025
0.503 0.864 -0.014 -0.028 0.001 -1.000 -0.864 0.503 0.025
0.503 0.864 -0.014 -0.029 0.001 -1.000 -0.864 0.503 0.026
0.503 0.864 -0.014 -0.029 0.001 -1.000 -0.864 0.503 0.026
0.503 0.864 -0.014 -0.029 0.001 -1.000 -0.864 0.503 0.026
0.503 0.864 -0.014 -0.029 0.001 -1.000 -0.864 0.503 0.026
0.503 0.864 -0.015 -0.030 0.001 -1.000 -0.863 0.504 0.026
0.503 0.864 -0.015 -0.030 0.001 -1.000 -0.863 0.504 0.026
0.503 0.864 -0.015 -0.030 0.001 -1.000 -0.863 0.504 0.026
0.504 0.864 -0.015 -0.030 0.000 -1.000 -0.863 0.504 0.026
0.504 0.864 -0.015 -0.030 0.000 -1.000 -0.863 0.504 0.026
0.504 0.864 -0.015 -0.030 0.000 -1.000 -0.863 0.504 0.026
0.504 0.863 -0.016 -0.030 -0.000 -1.000 -0.863 0.505 0.026
0.504 0.863 -0.016 -0.030 -0.000 -1.000 -0.863 0.505 0.026
0.504 0.863 -0.016 -0.030 -0.000 -1.000 -0.863 0.505 0.026
0.504 0.863 -0.016 -0.030 -0.000 -1.000 -0.863 0.505 0.026
0.504 0.863 -0.015 -0.030 -0.000 -1.000 -0.863 0.504 0.026
0.504 0.863 -0.015 -0.030 -0.000 -1.000 -0.863 0.504 0.026
0.504 0.863 -0.015 -0.030 -0.000 -1.000 -0.863 0.504 0.026
0.504 0.864 -0.015 -0.031 -0.000 -1.000 -0.863 0.504 0.026
0.504 0.864 -0.015 -0.031 -0.000 -1.000 -0.863 0.504 0.026
0.504 0.864 -0.015 -0.031 -0.000 -1.000 -0.863 0.504 0.026
0.504 0.864 -0.015 -0.031 0.000 -1.000 -0.863 0.504 0.027
0.504 0.864 -0.015 -0.031 0.000 -1.000 -0.863 0.504 0.027
0.504 0.864 -0.015 -0.031 0.000 -1.000 -0.863 0.504 0.027
0.504 0.864 -0.015 -0.031 0.000 -1.000 -0.863 0.504 0.027
0.504 0.864 -0.016 -0.032 0.000 -0.999 -0.863 0.504 0.028
0.504 0.864 -0.016 -0.032 0.000 -0.999 -0.863 0.504 0.028
0.504 0.864 -0.016 -0.032 0.000 -0.999 -0.863 0.504 0.028
0.504 0.864 -0.016 -0.032 0.001 -0.999 -0.863 0.504 0.028
0.504 0.864 -0.016 -0.032 0.001 -0.999 -0.863 0.504 0.028
0.504 0.864 -0.016 -0.032 0.001 -0.999 -0.863 0.504 0.028
0.504 0.863 -0.016 -0.033 0.001 -0.999 -0.863 0.505 0.029
0.504 0.863 -0.016 -0.033 0.001 -0.999 -0.863 0.505 0.029
0.504 0.863 -0.016 -0.033 0.001 -0.999 -0.863 0.505 0.029
0.504 0.863 -0.016 -0.033 0.001 -0.999 -0.863 0.505 0.029
0.504 0.863 -0.016 -0.033 0.001 -0.999 -0.863 0.505 0.029
0.504 0.863 -0.016 -0.033 0.001 -0.999 -0.863 0.505 0.029
0.504 0.863 -0.016 -0.033 0.001 -0.999 -0.863 0.505 0.029
0.504 0.864 -0.015 -0.033 0.001 -0.999 -0.863 0.504 0.029
0.504 0.864 -0.015 -0.033 0.001 -0.999 -0.863 0.504 0.029
0.504 0.864 -0.015 -0.033 0.001 -0.999 -0.863 0.504 0.029
0.504 0.864 -0.015 -0.032 0.002 -0.999 -0.863 0.504 0.029
0.504 0.864 -0.015 -0.032 0.002 -0.999 -0.863 0.504 0.029
0.504 0.864 -0.015 -0.032 0.002 -0.999 -0.863 0.504 0.029
0.504 0.864 -0.015 -0.032 0.002 -0.999 -0.863 0.504 0.029
0.504 0.863 -0.015 -0.031 0.001 -1.000 -0.863 0.505 0.028
0.504 0.863 -0.015 -0.031 0.001 -1.000 -0.863 0.505 0.028
0.504 0.863 -0.015 -0.031 0.001 -1.000 -0.863 0.505 0.028
0.504 0.863 -0.015 -0.031 0.001 -1.000 -0.863 0.504 0.028
0.504 0.863 -0.015 -0.031 0.001 -1.000 -0.863 0.504 0.028
0.504 0.863 -0.015 -0.031 0.001 -1.000 -0.863 0.504 0.028
0.504 0.864 -0.014 -0.031 0.002 -1.000 -0.863 0.504 0.028
0.504 0.864 -0.014 -0.031 0.002 -1.000 -0.863 0.504 0.028
0.504 0.864 -0.014 -0.031 0.002 -1.000 -0.863 0.504 0.028
0.504 0.864 -0.014 -0.031 0.002 -1.000 -0.863 0.504 0.028
0.503 0.864 -0.014 -0.031 0.002 -1.000 -0.864 0.503 0.027
0.503 0.864 -0.014 -0.031 0.002 -1.000 -0.864 0.503 0.027
0.503 0.864 -0.014 -0.031 0.002 -1.000 -0.864 0.503 0.027
0.503 0.864 -0.014 -0.030 0.002 -1.000 -0.864 0.503 0.027
0.503 0.864 -0.014 -0.030 0.002 -1.000 -0.864 0.503 0.027
0.503 0.864 -0.014 -0.030 0.002 -1.000 -0.864 0.503 0.027
0.502 0.865 -0.014 -0.030 0.001 -1.000 -0.864 0.502 0.026
0.502 0.865 -0.014 -0.030 0.001 -1.000 -0.864 0.502 0.026
0.502 0.865 -0.014 -0.030 0.001 -1.000 -0.864 0.502 0.026
0.502 0.865 -0.014 -0.030 0.001 -1.000 -0.864 0.502 0.026
0.502 0.865 -0.013 -0.029 0.001 -1.000 -0.864 0.502 0.025
0.502 0.865 -0.013 -0.029 0.001 -1.000 -0.864 0.502 0.025
0.502 0.865 -0.013 -0.029 0.001 -1.000 -0.864 0.502 0.025
0.502 0.865 -0.013 -0.028 0.001 -1.000 -0.865 0.502 0.025
0.502 0.865 -0.013 -0.028 0.001 -1.000 -0.865 0.502 0.025
0.502 0.865 -0.013 -0.028 0.001 -1.000 -0.865 0.502 0.025
0.502 0.865 -0.013 -0.027 0.001 -1.000 -0.865 0.502 0.024
0.502 0.865 -0.013 -0.027 0.001 -1.000 -0.865 0.502 0.024
0.502 0.865 -0.013 -0.027 0.001 -1.000 -0.865 0.502 0.024
0.502 0.865 -0.013 -0.027 0.001 -1.000 -0.865 0.502 0.024
0.501 0.865 -0.012 -0.026 0.001 -1.000 -0.865 0.502 0.023
0.501 0.865 -0.012 -0.026 0.001 -1.000 -0.865 0.502 0.023
0.501 0.865 -0.012 -0.026 0.001 -1.000 -0.865 0.502 0.023
0.501 0.865 -0.011 -0.024 0.001 -1.000 -0.865 0.501 0.021
0.501 0.865 -0.011 -0.024 0.001 -1.000 -0.865 0.501 0.021
0.501 0.865 -0.011 -0.024 0.001 -1.000 -0.865 0.501 0.021
0.502 0.865 -0.010 -0.021 0.001 -1.000 -0.865 0.502 0.019
0.502 0.865 -0.010 -0.021 0.001 -1.000 -0.865 0.502 0.019
0.502 0.865 -0.010 -0.021 0.001 -1.000 -0.865 0.502 0.019
0.502 0.865 -0.010 -0.021 0.001 -1.000 -0.865 0.502 0.019
0.502 0.865 -0.009 -0.018 -0.000 -1.000 -0.865 0.502 0.015
0.502 0.865 -0.009 -0.018 -0.000 -1.000 -0.865 0.502 0.015
0.502 0.865 -0.009 -0.018 -0.000 -1.000 -0.865 0.502 0.015
0.503 0.864 -0.009 -0.015 -0.001 -1.000 -0.864 0.504 0.012
0.503 0.864 -0.009 -0.015 -0.001 -1.000 -0.864 0.504 0.012
0.503 0.864 -0.009 -0.015 -0.001 -1.000 -0.864 0.504 0.012
0.504 0.864 -0.008 -0.012 -0.003 -1.000 -0.864 0.504 0.009
0.504 0.864 -0.008 -0.012 -0.003 -1.000 -0.864 0.504 0.009
0.504 0.864 -0.008 -0.012 -0.003 -1.000 -0.864 0.504 0.009
0.504 0.864 -0.008 -0.012 -0.003 -1.000 -0.864 0.504 0.009
0.505 0.863 -0.008 -0.009 -0.004 -1.000 -0.863 0.505 0.006
0.505 0.863 -0.008 -0.009 -0.004 -1.000 -0.863 0.505 0.006
0.505 0.863 -0.008 -0.009 -0.004 -1.000 -0.863 0.505 0.006
0.505 0.863 -0.008 -0.007 -0.005 -1.000 -0.863 0.505 0.004
0.505 0.863 -0.008 -0.007 -0.005 -1.000 -0.863 0.505 0.004
0.505 0.863 -0.008 -0.007 -0.005 -1.000 -0.863 0.505 0.004
0.505 0.863 -0.007 -0.006 -0.005 -1.000 -0.863 0.505 0.002
0.505 0.863 -0.007 -0.006 -0.005 -1.000 -0.863 0.505 0.002
0.505 0.863 -0.007 -0.006 -0.005 -1.000 -0.863 0.505 0.002
0.505 0.863 -0.007 -0.006 -0.005 -1.000 -0.863 0.505 0.002
0.504 0.863 -0.007 -0.005 -0.005 -1.000 -0.863 0.504 0.002
0.504 0.863 -0.007 -0.005 -0.005 -1.000 -0.863 0.504 0.002
0.504 0.863 -0.007 -0.005 -0.005 -1.000 -0.863 0.504 0.002
0.504 0.863 -0.007 -0.005 -0.006 -1.000 -0.863 0.504 0.001
0.504 0.863 -0.007 -0.005 -0.006 -1.000 -0.863 0.504 0.001
0.504 0.863 -0.007 -0.005 -0.006 -1.000 -0.863 0.504 0.001
0.504 0.863 -0.007 -0.004 -0.005 -1.000 -0.863 0.504 0.000
0.504 0.863 -0.007 -0.004 -0.005 -1.000 -0.863 0.504 0.000
0.504 0.863 -0.007 -0.004 -0.005 -1.000 -0.863 0.504 0.000
0.504 0.863 -0.007 -0.004 -0.005 -1.000 -0.863 0.504 0.000
0.505 0.863 -0.006 -0.002 -0.005 -1.000 -0.863 0.505 -0.001
0.505 0.863 -0.006 -0.002 -0.005 -1.000 -0.863 0.505 -0.001
0.505 0.863 -0.006 -0.002 -0.005 -1.000 -0.863 0.505 -0.001
0.506 0.863 -0.005 0.000 -0.006 -1.000 -0.863 0.506 -0.003
0.506 0.863 -0.005 0.000 -0.006 -1.000 -0.863 0.506 -0.003
0.506 0.863 -0.005 0.000 -0.006 -1.000 -0.863 0.506 -0.003
0.506 0.862 -0.004 0.003 -0.007 -1.000 -0.862 0.506 -0.006
0.506 0.862 -0.004 0.003 -0.007 -1.000 -0.862 0.506 -0.006
0.506 0.862 -0.004 0.003 -0.007 -1.000 -0.862 0.506 -0.006
0.506 0.862 -0.004 0.003 -0.007 -1.000 -0.862 0.506 -0.006
0.507 0.862 -0.003 0.006 -0.007 -1.000 -0.862 0.507 -0.009
0.507 0.862 -0.003 0.006 -0.007 -1.000 -0.862 0.507 -0.009
0.507 0.862 -0.003 0.006 -0.007 -1.000 -0.862 0.507 -0.009
0.509 0.861 -0.002 0.009 -0.008 -1.000 -0.861 0.509 -0.012
0.509 0.861 -0.002 0.009 -0.008 -1.000 -0.861 0.509 -0.012
0.509 0.861 -0.002 0.009 -0.008 -1.000 -0.861 0.509 -0.012
0.510 0.860 -0.001 0.012 -0.009 -1.000 -0.860 0.510 -0.015
0.510 0.860 -0.001 0.012 -0.009 -1.000 -0.860 0.510 -0.015
0.510 0.860 -0.001 0.012 -0.009 -1.000 -0.860 0.510 -0.015
0.510 0.860 -0.001 0.012 -0.009 -1.000 -0.860 0.510 -0.015
0.511 0.860 0.000 0.016 -0.009 -1.000 -0.860 0.511 -0.019
0.511 0.860 0.000 0.016 -0.009 -1.000 -0.860 0.511 -0.019
0.511 0.860 0.000 0.016 -0.009 -1.000 -0.860 0.511 -0.019
0.512 0.859 0.002 0.020 -0.010 -1.000 -0.859 0.512 -0.022
0.512 0.859 0.002 0.020 -0.010 -1.000 -0.859 0.512 -0.022
0.512 0.859 0.002 0.020 -0.010 -1.000 -0.859 0.512 -0.022
0.513 0.859 0.004 0.024 -0.010 -1.000 -0.858 0.513 -0.025
0.513 0.859 0.004 0.024 -0.010 -1.000 -0.858 0.513 -0.025
0.513 0.859 0.004 0.024 -0.010 -1.000 -0.858 0.513 -0.025
0.513 0.859 0.004 0.024 -0.010 -1.000 -0.858 0.513 -0.025
0.513 0.858 0.005 0.027 -0.010 -1.000 -0.858 0.513 -0.028
0.513 0.858 0.005 0.027 -0.010 -1.000 -0.858 0.513 -0.028
0.513 0.858 0.005 0.027 -0.010 -1.000 -0.858 0.513 -0.028
0.514 0.858 0.006 0.029 -0.010 -1.000 -0.857 0.514 -0.031
0.514 0.858 0.006 0.029 -0.010 -1.000 -0.857 0.514 -0.031
0.514 0.858 0.006 0.029 -0.010 -1.000 -0.857 0.514 -0.031
0.515 0.857 0.007 0.032 -0.011 -0.999 -0.857 0.515 -0.033
0.515 0.857 0.007 0.032 -0.011 -0.999 -0.857 0.515 -0.033
0.515 0.857 0.007 0.032 -0.011 -0.999 -0.857 0.515 -0.033
0.515 0.857 0.007 0.032 -0.011 -0.999 -0.857 0.515 -0.033
0.516 0.857 0.008 0.035 -0.011 -0.999 -0.856 0.516 -0.036
0.516 0.857 0.008 0.035 -0.011 -0.999 -0.856 0.516 -0.036
0.516 0.857 0.008 0.035 -0.011 -0.999 -0.856 0.516 -0.036
0.517 0.856 0.010 0.038 -0.011 -0.999 -0.855 0.517 -0.039
0.517 0.856 0.010 0.038 -0.011 -0.999 -0.855 0.517 -0.039
0.517 0.856 0.010 0.038 -0.011 -0.999 -0.855 0.517 -0.039
0.517 0.856 0.012 0.042 -0.012 -0.999 -0.855 0.518 -0.042
0.517 0.856 0.012 0.042 -0.012 -0.999 -0.855 0.518 -0.042
0.517 0.856 0.012 0.042 -0.012 -0.999 -0.855 0.518 -0.042
0.517 0.856 0.012 0.042 -0.012 -0.999 -0.855 0.518 -0.042
0.518 0.855 0.015 0.048 -0.011 -0.999 -0.854 0.518 -0.047
0.518 0.855 0.015 0.048 -0.011 -0.999 -0.854 0.518 -0.047
0.518 0.855 0.015 0.048 -0.011 -0.999 -0.854 0.518 -0.047
0.518 0.855 0.018 0.053 -0.012 -0.999 -0.854 0.518 -0.051
0.518 0.855 0.018 0.053 -0.012 -0.999 -0.854 0.518 -0.051
0.518 0.855 0.018 0.053 -0.012 -0.999 -0.854 0.518 -0.051
0.519 0.855 0.021 0.059 -0.012 -0.998 -0.853 0.519 -0.057
0.519 0.855 0.021 0.059 -0.012 -0.998 -0.853 0.519 -0.057
0.519 0.855 0.021 0.059 -0.012 -0.998 -0.853 0.519 -0.057
0.519 0.855 0.021 0.059 -0.012 -0.998 -0.853 0.519 -0.057
0.520 0.854 0.023 0.065 -0.012 -0.998 -0.852 0.520 -0.062
0.520 0.854 0.023 0.065 -0.012 -0.998 -0.852 0.520 -0.062
0.520 0.854 0.023 0.065 -0.012 -0.998 -0.852 0.520 -0.062
0.520 0.854 0.026 0.070 -0.013 -0.997 -0.851 0.520 -0.066
0.520 0.854 0.026 0.070 -0.013 -0.997 -0.851 0.520 -0.066
0.520 0.854 0.026 0.070 -0.013 -0.997 -0.851 0.520 -0.066
0.521 0.853 0.027 0.074 -0.013 -0.997 -0.851 0.521 -0.070
0.521 0.853 0.027 0.074 -0.013 -0.997 -0.851 0.521 -0.070
0.521 0.853 0.027 0.074 -0.013 -0.997 -0.851 0.521 -0.070
0.521 0.853 0.027 0.074 -0.013 -0.997 -0.851 0.521 -0.070
0.521 0.853 0.028 0.077 -0.014 -0.997 -0.850 0.521 -0.073
0.521 0.853 0.028 0.077 -0.014 -0.997 -0.850 0.521 -0.073
0.521 0.853 0.028 0.077 -0.014 -0.997 -0.850 0.521 -0.073
0.521 0.853 0.030 0.079 -0.014 -0.997 -0.850 0.522 -0.075
0.521 0.853 0.030 0.079 -0.014 -0.997 -0.850 0.522 -0.075
0.521 0.853 0.030 0.079 -0.014 -0.997 -0.850 0.522 -0.075
0.521 0.853 0.030 0.079 -0.014 -0.997 -0.850 0.522 -0.075
0.521 0.853 0.030 0.081 -0.014 -0.997 -0.849 0.522 -0.076
0.521 0.853 0.030 0.081 -0.014 -0.997 -0.849 0.522 -0.076
0.521 0.853 0.030 0.081 -0.014 -0.997 -0.849 0.522 -0.076
0.522 0.852 0.030 0.081 -0.014 -0.997 -0.849 0.523 -0.077
0.522 0.852 0.030 0.081 -0.014 -0.997 -0.849 0.523 -0.077
0.522 0.852 0.030 0.081 -0.014 -0.997 -0.849 0.523 -0.077
0.522 0.852 0.031 0.082 -0.015 -0.996 -0.849 0.523 -0.078
0.522 0.852 0.031 0.082 -0.015 -0.996 -0.849 0.523 -0.078
0.522 0.852 0.031 0.082 -0.015 -0.996 -0.849 0.523 -0.078
0.523 0.852 0.031 0.084 -0.014 -0.996 -0.848 0.523 -0.079
0.523 0.852 0.031 0.084 -0.014 -0.996 -0.848 0.523 -0.079
0.523 0.852 0.031 0.084 -0.014 -0.996 -0.848 0.523 -0.079
0.523 0.852 0.031 0.084 -0.014 -0.996 -0.848 0.523 -0.079
0.523 0.852 0.032 0.085 -0.015 -0.996 -0.848 0.523 -0.080
0.523 0.852 0.032 0.085 -0.015 -0.996 -0.848 0.523 -0.080
0.523 0.852 0.032 0.085 -0.015 -0.996 -0.848 0.523 -0.080
0.523 0.852 0.033 0.087 -0.015 -0.996 -0.848 0.524 -0.082
0.523 0.852 0.033 0.087 -0.015 -0.996 -0.848 0.524 -0.082
0.523 0.852 0.033 0.087 -0.015 -0.996 -0.848 0.524 -0.082
0.523 0.852 0.034 0.089 -0.015 -0.996 -0.848 0.524 -0.083
0.523 0.852 0.034 0.089 -0.015 -0.996 -0.848 0.524 -0.083
0.523 0.852 0.034 0.089 -0.015 -0.996 -0.848 0.524 -0.083
0.523 0.852 0.034 0.089 -0.015 -0.996 -0.848 0.524 -0.083
0.524 0.851 0.035 0.091 -0.015 -0.996 -0.847 0.525 -0.086
0.524 0.851 0.035 0.091 -0.015 -0.996 -0.847 0.525 -0.086
0.524 0.851 0.035 0.091 -0.015 -0.996 -0.847 0.525 -0.086
0.524 0.851 0.036 0.094 -0.015 -0.995 -0.847 0.525 -0.088
0.524 0.851 0.036 0.094 -0.015 -0.995 -0.847 0.525 -0.088
0.524 0.851 0.036 0.094 -0.015 -0.995 -0.847 0.525 -0.088
0.524 0.851 0.038 0.096 -0.015 -0.995 -0.847 0.525 -0.090
0.524 0.851 0.038 0.096 -0.015 -0.995 -0.847 0.525 -0.090
0.524 0.851 0.038 0.096 -0.015 -0.995 -0.847 0.525 -0.090
0.524 0.851 0.038 0.096 -0.015 -0.995 -0.847 0.525 -0.090
0.524 0.851 0.039 0.098 -0.015 -0.995 -0.846 0.525 -0.092
0.524 0.851 0.039 0.098 -0.015 -0.995 -0.846 0.525 -0.092
0.524 0.851 0.039 0.098 -0.015 -0.995 -0.846 0.525 -0.092
0.523 0.851 0.040 0.100 -0.015 -0.995 -0.846 0.525 -0.093
0.523 0.851 0.040 0.100 -0.015 -0.995 -0.846 0.525 -0.093
0.523 0.851 0.040 0.100 -0.015 -0.995 -0.846 0.525 -0.093
0.523 0.851 0.041 0.102 -0.015 -0.995 -0.846 0.524 -0.094
0.523 0.851 0.041 0.102 -0.015 -0.995 -0.846 0.524 -0.094
0.523 0.851 0.041 0.102 -0.015 -0.995 -0.846 0.524 -0.094
0.523 0.851 0.041 0.102 -0.015 -0.995 -0.846 0.524 -0.094
0.522 0.852 0.042 0.103 -0.015 -0.995 -0.846 0.524 -0.096
0.522 0.852 0.042 0.103 -0.015 -0.995 -0.846 0.524 -0.096
0.522 0.852 0.042 0.103 -0.015 -0.995 -0.846 0.524 -0.096
0.522 0.852 0.043 0.105 -0.014 -0.994 -0.846 0.524 -0.097
0.522 0.852 0.043 0.105 -0.014 -0.994 -0.846 0.524 -0.097
0.522 0.852 0.043 0.105 -0.014 -0.994 -0.846 0.524 -0.097
0.522 0.852 0.044 0.106 -0.014 -0.994 -0.846 0.523 -0.098
0.522 0.852 0.044 0.106 -0.014 -0.994 -0.846 0.523 -0.098
0.522 0.852 0.044 0.106 -0.014 -0.994 -0.846 0.523 -0.098
0.522 0.852 0.044 0.106 -0.014 -0.994 -0.846 0.523 -0.098
0.522 0.852 0.045 0.108 -0.014 -0.994 -0.846 0.524 -0.100
0.522 0.852 0.045 0.108 -0.014 -0.994 -0.846 0.524 -0.100
0.522 0.852 0.045 0.108 -0.014 -0.994 -0.846 0.524 -0.100
0.522 0.852 0.046 0.111 -0.014 -0.994 -0.846 0.524 -0.102
0.522 0.852 0.046 0.111 -0.014 -0.994 -0.846 0.524 -0.102
0.522 0.852 0.046 0.111 -0.014 -0.994 -0.846 0.524 -0.102
0.522 0.851 0.048 0.113 -0.014 -0.994 -0.845 0.524 -0.103
0.522 0.851 0.048 0.113 -0.014 -0.994 -0.845 0.524 -0.103
0.522 0.851 0.048 0.113 -0.014 -0.994 -0.845 0.524 -0.103
0.522 0.851 0.048 0.113 -0.014 -0.994 -0.845 0.524 -0.103
0.522 0.851 0.049 0.115 -0.014 -0.993 -0.845 0.524 -0.105
0.522 0.851 0.049 0.115 -0.014 -0.993 -0.845 0.524 -0.105
0.522 0.851 0.049 0.115 -0.014 -0.993 -0.845 0.524 -0.105
0.522 0.851 0.050 0.117 -0.013 -0.993 -0.845 0.525 -0.106
0.522 0.851 0.050 0.117 -0.013 -0.993 -0.845 0.525 -0.106
0.522 0.851 0.050 0.117 -0.013 -0.993 -0.845 0.525 -0.106
0.522 0.851 0.050 0.117 -0.013 -0.993 -0.845 0.525 -0.106
0.522 0.851 0.050 0.118 -0.014 -0.993 -0.844 0.525 -0.108
0.522 0.851 0.050 0.118 -0.014 -0.993 -0.844 0.525 -0.108
0.522 0.851 0.050 0.118 -0.014 -0.993 -0.844 0.525 -0.108
0.523 0.851 0.051 0.120 -0.014 -0.993 -0.844 0.525 -0.110
0.523 0.851 0.051 0.120 -0.014 -0.993 -0.844 0.525 -0.110
0.523 0.851 0.051 0.120 -0.014 -0.993 -0.844 0.525 -0.110
0.523 0.851 0.052 0.122 -0.014 -0.992 -0.843 0.526 -0.111
0.523 0.851 0.052 0.122 -0.014 -0.992 -0.843 0.526 -0.111
0.523 0.851 0.052 0.122 -0.014 -0.992 -0.843 0.526 -0.111
0.523 0.850 0.053 0.123 -0.014 -0.992 -0.843 0.526 -0.112
0.523 0.850 0.053 0.123 -0.014 -0.992 -0.843 0.526 -0.112
0.523 0.850 0.053 0.123 -0.014 -0.992 -0.843 0.526 -0.112
0.523 0.850 0.053 0.123 -0.014 -0.992 -0.843 0.526 -0.112
0.524 0.850 0.054 0.125 -0.014 -0.992 -0.843 0.526 -0.113
0.524 0.850 0.054 0.125 -0.014 -0.992 -0.843 0.526 -0.113
0.524 0.850 0.054 0.125 -0.014 -0.992 -0.843 0.526 -0.113
0.524 0.850 0.055 0.126 -0.014 -0.992 -0.842 0.527 -0.115
0.524 0.850 0.055 0.126 -0.014 -0.992 -0.842 0.527 -0.115
0.524 0.850 0.055 0.126 -0.014 -0.992 -0.842 0.527 -0.115
0.525 0.849 0.055 0.128 -0.015 -0.992 -0.841 0.528 -0.117
0.525 0.849 0.055 0.128 -0.015 -0.992 -0.841 0.528 -0.117
0.525 0.849 0.055 0.128 -0.015 -0.992 -0.841 0.528 -0.117
0.525 0.849 0.055 0.128 -0.015 -0.992 -0.841 0.528 -0.117
0.526 0.849 0.056 0.131 -0.016 -0.991 -0.841 0.528 -0.119
0.526 0.849 0.056 0.131 -0.016 -0.991 -0.841 0.528 -0.119
0.526 0.849 0.056 0.131 -0.016 -0.991 -0.841 0.528 -0.119
0.526 0.849 0.057 0.134 -0.016 -0.991 -0.840 0.528 -0.122
0.526 0.849 0.057 0.134 -0.016 -0.991 -0.840 0.528 -0.122
0.526 0.849 0.057 0.134 -0.016 -0.991 -0.840 0.528 -0.122
0.525 0.849 0.059 0.138 -0.017 -0.990 -0.840 0.528 -0.126
0.525 0.849 0.059 0.138 -0.017 -0.990 -0.840 0.528 -0.126
0.525 0.849 0.059 0.138 -0.017 -0.990 -0.840 0.528 -0.126
0.525 0.849 0.059 0.138 -0.017 -0.990 -0.840 0.528 -0.126
0.524 0.850 0.061 0.141 -0.016 -0.990 -0.840 0.527 -0.129
0.524 0.850 0.061 0.141 -0.016 -0.990 -0.840 0.527 -0.129
0.524 0.850 0.061 0.141 -0.016 -0.990 -0.840 0.527 -0.129
0.522 0.850 0.063 0.145 -0.016 -0.989 -0.840 0.526 -0.132
0.522 0.850 0.063 0.145 -0.016 -0.989 -0.840 0.526 -0.132
0.522 0.850 0.063 0.145 -0.016 -0.989 -0.840 0.526 -0.132
0.521 0.851 0.064 0.148 -0.016 -0.989 -0.840 0.525 -0.134
0.521 0.851 0.064 0.148 -0.016 -0.989 -0.840 0.525 -0.134
0.521 0.851 0.064 0.148 -0.016 -0.989 -0.840 0.525 -0.134
0.521 0.851 0.064 0.148 -0.016 -0.989 -0.840 0.525 -0.134
0.521 0.851 0.065 0.150 -0.016 -0.989 -0.840 0.525 -0.135
0.521 0.851 0.065 0.150 -0.016 -0.989 -0.840 0.525 -0.135
0.521 0.851 0.065 0.150 -0.016 -0.989 -0.840 0.525 -0.135
0.521 0.851 0.066 0.152 -0.016 -0.988 -0.840 0.525 -0.137
0.521 0.851 0.066 0.152 -0.016 -0.988 -0.840 0.525 -0.137
0.521 0.851 0.066 0.152 -0.016 -0.988 -0.840 0.525 -0.137
0.522 0.851 0.067 0.155 -0.017 -0.988 -0.839 0.526 -0.140
0.522 0.851 0.067 0.155 -0.017 -0.988 -0.839 0.526 -0.140
0.522 0.851 0.067 0.155 -0.017 -0.988 -0.839 0.526 -0.140
0.522 0.851 0.067 0.155 -0.017 -0.988 -0.839 0.526 -0.140
0.522 0.850 0.068 0.158 -0.018 -0.987 -0.838 0.526 -0.144
0.522 0.850 0.068 0.158 -0.018 -0.987 -0.838 0.526 -0.144
0.522 0.850 0.068 0.158 -0.018 -0.987 -0.838 0.526 -0.144
0.523 0.850 0.069 0.162 -0.019 -0.987 -0.837 0.527 -0.148
0.523 0.850 0.069 0.162 -0.019 -0.987 -0.837 0.527 -0.148
0.523 0.850 0.069 0.162 -0.019 -0.987 -0.837 0.527 -0.148
0.523 0.849 0.070 0.166 -0.021 -0.986 -0.836 0.528 -0.151
0.523 0.849 0.070 0.166 -0.021 -0.986 -0.836 0.528 -0.151
0.523 0.849 0.070 0.166 -0.021 -0.986 -0.836 0.528 -0.151
0.523 0.849 0.070 0.166 -0.021 -0.986 -0.836 0.528 -0.151
0.525 0.848 0.071 0.168 -0.022 -0.985 -0.834 0.529 -0.154
0.525 0.848 0.071 0.168 -0.022 -0.985 -0.834 0.529 -0.154
0.525 0.848 0.071 0.168 -0.022 -0.985 -0.834 0.529 -0.154
0.525 0.848 0.071 0.171 -0.023 -0.985 -0.834 0.530 -0.157
0.525 0.848 0.071 0.171 -0.023 -0.985 -0.834 0.530 -0.157
0.525 0.848 0.071 0.171 -0.023 -0.985 -0.834 0.530 -0.157
0.525 0.848 0.071 0.172 -0.024 -0.985 -0.834 0.529 -0.158
0.525 0.848 0.071 0.172 -0.024 -0.985 -0.834 0.529 -0.158
0.525 0.848 0.071 0.172 -0.024 -0.985 -0.834 0.529 -0.158
0.525 0.848 0.071 0.172 -0.024 -0.985 -0.834 0.529 -0.158
0.525 0.848 0.072 0.173 -0.023 -0.985 -0.833 0.529 -0.158
0.525 0.848 0.072 0.173 -0.023 -0.985 -0.833 0.529 -0.158
0.525 0.848 0.072 0.173 -0.023 -0.985 -0.833 0.529 -0.158
0.524 0.848 0.073 0.173 -0.022 -0.985 -0.834 0.529 -0.158
0.524 0.848 0.073 0.173 -0.022 -0.985 -0.834 0.529 -0.158
0.524 0.848 0.073 0.173 -0.022 -0.985 -0.834 0.529 -0.158
0.524 0.848 0.073 0.173 -0.022 -0.985 -0.834 0.529 -0.158
0.524 0.848 0.073 0.173 -0.022 -0.985 -0.834 0.529 -0.159
0.524 0.848 0.073 0.173 -0.022 -0.985 -0.834 0.529 -0.159
0.524 0.848 0.073 0.173 -0.022 -0.985 -0.834 0.529 -0.159
0.525 0.848 0.073 0.174 -0.022 -0.985 -0.834 0.529 -0.159
0.525 0.848 0.073 0.174 -0.022 -0.985 -0.834 0.529 -0.159
0.525 0.848 0.073 0.174 -0.022 -0.985 -0.834 0.529 -0.159
0.525 0.848 0.073 0.174 -0.023 -0.984 -0.833 0.529 -0.160
0.525 0.848 0.073 0.174 -0.023 -0.984 -0.833 0.529 -0.160
0.525 0.848 0.073 0.174 -0.023 -0.984 -0.833 0.529 -0.160
0.525 0.848 0.074 0.174 -0.022 -0.984 -0.833 0.530 -0.159
0.525 0.848 0.074 0.174 -0.022 -0.984 -0.833 0.530 -0.159
0.525 0.848 0.074 0.174 -0.022 -0.984 -0.833 0.530 -0.159
0.525 0.848 0.074 0.174 -0.022 -0.984 -0.833 0.530 -0.159
0.526 0.847 0.074 0.174 -0.022 -0.984 -0.832 0.531 -0.159
0.526 0.847 0.074 0.174 -0.022 -0.984 -0.832 0.531 -0.159
0.526 0.847 0.074 0.174 -0.022 -0.984 -0.832 0.531 -0.159
0.526 0.847 0.075 0.174 -0.020 -0.985 -0.832 0.531 -0.158
0.526 0.847 0.075 0.174 -0.020 -0.985 -0.832 0.531 -0.158
0.526 0.847 0.075 0.174 -0.020 -0.985 -0.832 0.531 -0.158
0.527 0.847 0.077 0.173 -0.019 -0.985 -0.832 0.532 -0.157
0.527 0.847 0.077 0.173 -0.019 -0.985 -0.832 0.532 -0.157
0.527 0.847 0.077 0.173 -0.019 -0.985 -0.832 0.532 -0.157
0.527 0.847 0.077 0.173 -0.019 -0.985 -0.832 0.532 -0.157
0.527 0.846 0.078 0.174 -0.017 -0.985 -0.832 0.532 -0.156
0.527 0.846 0.078 0.174 -0.017 -0.985 -0.832 0.532 -0.156
0.527 0.846 0.078 0.174 -0.017 -0.985 -0.832 0.532 -0.156
0.527 0.846 0.079 0.174 -0.016 -0.985 -0.832 0.533 -0.155
0.527 0.846 0.079 0.174 -0.016 -0.985 -0.832 0.533 -0.155
0.527 0.846 0.079 0.174 -0.016 -0.985 -0.832 0.533 -0.155
0.527 0.846 0.079 0.174 -0.016 -0.985 -0.832 0.533 -0.155
0.527 0.846 0.080 0.174 -0.016 -0.985 -0.832 0.533 -0.156
0.527 0.846 0.080 0.174 -0.016 -0.985 -0.832 0.533 -0.156
0.527 0.846 0.080 0.174 -0.016 -0.985 -0.832 0.533 -0.156
0.528 0.846 0.079 0.174 -0.016 -0.985 -0.831 0.534 -0.156
0.528 0.846 0.079 0.174 -0.016 -0.985 -0.831 0.534 -0.156
0.528 0.846 0.079 0.174 -0.016 -0.985 -0.831 0.534 -0.156
0.529 0.845 0.079 0.174 -0.017 -0.985 -0.831 0.534 -0.156
0.529 0.845 0.079 0.174 -0.017 -0.985 -0.831 0.534 -0.156
0.529 0.845 0.079 0.174 -0.017 -0.985 -0.831 0.534 -0.156
0.530 0.844 0.079 0.173 -0.017 -0.985 -0.830 0.535 -0.155
0.530 0.844 0.079 0.173 -0.017 -0.985 -0.830 0.535 -0.155
0.530 0.844 0.079 0.173 -0.017 -0.985 -0.830 0.535 -0.155
0.530 0.844 0.079 0.173 -0.017 -0.985 -0.830 0.535 -0.155
0.532 0.843 0.078 0.172 -0.017 -0.985 -0.829 0.537 -0.154
0.532 0.843 0.078 0.172 -0.017 -0.985 -0.829 0.537 -0.154
0.532 0.843 0.078 0.172 -0.017 -0.985 -0.829 0.537 -0.154
0.534 0.842 0.077 0.171 -0.019 -0.985 -0.828 0.539 -0.154
0.534 0.842 0.077 0.171 -0.019 -0.985 -0.828 0.539 -0.154
0.534 0.842 0.077 0.171 -0.019 -0.985 -0.828 0.539 -0.154
0.537 0.840 0.076 0.170 -0.020 -0.985 -0.826 0.542 -0.154
0.537 0.840 0.076 0.170 -0.020 -0.985 -0.826 0.542 -0.154
0.537 0.840 0.076 0.170 -0.020 -0.985 -0.826 0.542 -0.154
0.537 0.840 0.076 0.170 -0.020 -0.985 -0.826 0.542 -0.154
0.539 0.839 0.076 0.170 -0.021 -0.985 -0.825 0.544 -0.154
0.539 0.839 0.076 0.170 -0.021 -0.985 -0.825 0.544 -0.154
0.539 0.839 0.076 0.170 -0.021 -0.985 -0.825 0.544 -0.154
0.540 0.838 0.077 0.171 -0.020 -0.985 -0.824 0.545 -0.154
0.540 0.838 0.077 0.171 -0.020 -0.985 -0.824 0.545 -0.154
0.540 0.838 0.077 0.171 -0.020 -0.985 -0.824 0.545 -0.154
0.541 0.837 0.079 0.171 -0.018 -0.985 -0.823 0.546 -0.153
0.541 0.837 0.079 0.171 -0.018 -0.985 -0.823 0.546 -0.153
0.541 0.837 0.079 0.171 -0.018 -0.985 -0.823 0.546 -0.153
0.541 0.837 0.079 0.171 -0.018 -0.985 -0.823 0.546 -0.153
0.541 0.837 0.080 0.172 -0.017 -0.985 -0.823 0.547 -0.153
0.541 0.837 0.080 0.172 -0.017 -0.985 -0.823 0.547 -0.153
0.541 0.837 0.080 0.172 -0.017 -0.985 -0.823 0.547 -0.153
0.541 0.837 0.082 0.174 -0.016 -0.985 -0.823 0.547 -0.154
0.541 0.837 0.082 0.174 -0.016 -0.985 -0.823 0.547 -0.154
0.541 0.837 0.082 0.174 -0.016 -0.985 -0.823 0.547 -0.154
0.541 0.837 0.084 0.176 -0.015 -0.984 -0.823 0.547 -0.156
0.541 0.837 0.084 0.176 -0.015 -0.984 -0.823 0.547 -0.156
0.541 0.837 0.084 0.176 -0.015 -0.984 -0.823 0.547 -0.156
0.541 0.837 0.084 0.176 -0.015 -0.984 -0.823 0.547 -0.156
0.540 0.837 0.086 0.180 -0.015 -0.984 -0.822 0.547 -0.159
0.540 0.837 0.086 0.180 -0.015 -0.984 -0.822 0.547 -0.159
0.540 0.837 0.086 0.180 -0.015 -0.984 -0.822 0.547 -0.159
0.540 0.837 0.088 0.185 -0.016 -0.983 -0.821 0.546 -0.163
0.540 0.837 0.088 0.185 -0.016 -0.983 -0.821 0.546 -0.163
0.540 0.837 0.088 0.185 -0.016 -0.983 -0.821 0.546 -0.163
0.541 0.836 0.089 0.189 -0.018 -0.982 -0.819 0.548 -0.167
0.541 0.836 0.089 0.189 -0.018 -0.982 -0.819 0.548 -0.167
0.541 0.836 0.089 0.189 -0.018 -0.982 -0.819 0.548 -0.167
0.541 0.836 0.089 0.189 -0.018 -0.982 -0.819 0.548 -0.167
0.543 0.835 0.089 0.192 -0.020 -0.981 -0.817 0.550 -0.171
0.543 0.835 0.089 0.192 -0.020 -0.981 -0.817 0.550 -0.171
0.543 0.835 0.089 0.192 -0.020 -0.981 -0.817 0.550 -0.171
0.544 0.834 0.090 0.195 -0.021 -0.981 -0.816 0.551 -0.174
0.544 0.834 0.090 0.195 -0.021 -0.981 -0.816 0.551 -0.174
0.544 0.834 0.090 0.195 -0.021 -0.981 -0.816 0.551 -0.174
0.545 0.834 0.092 0.198 -0.022 -0.980 -0.815 0.552 -0.177
0.545 0.834 0.092 0.198 -0.022 -0.980 -0.815 0.552 -0.177
0.545 0.834 0.092 0.198 -0.022 -0.980 -0.815 0.552 -0.177
0.545 0.834 0.092 0.198 -0.022 -0.980 -0.815 0.552 -0.177
0.545 0.833 0.094 0.202 -0.022 -0.979 -0.814 0.552 -0.180
0.545 0.833 0.094 0.202 -0.022 -0.979 -0.814 0.552 -0.180
0.545 0.833 0.094 0.202 -0.022 -0.979 -0.814 0.552 -0.180
0.545 0.833 0.096 0.206 -0.022 -0.978 -0.813 0.553 -0.183
0.545 0.833 0.096 0.206 -0.022 -0.978 -0.813 0.553 -0.183
0.545 0.833 0.096 0.206 -0.022 -0.978 -0.813 0.553 -0.183
0.545 0.833 0.096 0.206 -0.022 -0.978 -0.813 0.553 -0.183
0.545 0.832 0.098 0.209 -0.022 -0.978 -0.812 0.554 -0.186
0.545 0.832 0.098 0.209 -0.022 -0.978 -0.812 0.554 -0.186
0.545 0.832 0.098 0.209 -0.022 -0.978 -0.812 0.554 -0.186
0.545 0.832 0.099 0.211 -0.022 -0.977 -0.811 0.554 -0.187
0.545 0.832 0.099 0.211 -0.022 -0.977 -0.811 0.554 -0.187
0.545 0.832 0.099 0.211 -0.022 -0.977 -0.811 0.554 -0.187
0.545 0.832 0.101 0.213 -0.021 -0.977 -0.811 0.554 -0.189
0.545 0.832 0.101 0.213 -0.021 -0.977 -0.811 0.554 -0.189
0.545 0.832 0.101 0.213 -0.021 -0.977 -0.811 0.554 -0.189
0.545 0.832 0.102 0.215 -0.021 -0.976 -0.810 0.554 -0.190
0.545 0.832 0.102 0.215 -0.021 -0.976 -0.810 0.554 -0.190
0.545 0.832 0.102 0.215 -0.021 -0.976 -0.810 0.554 -0.190
0.545 0.832 0.102 0.215 -0.021 -0.976 -0.810 0.554 -0.190
0.545 0.832 0.103 0.217 -0.021 -0.976 -0.810 0.554 -0.192
0.545 0.832 0.103 0.217 -0.021 -0.976 -0.810 0.554 -0.192
0.545 0.832 0.103 0.217 -0.021 -0.976 -0.810 0.554 -0.192
0.545 0.832 0.104 0.219 -0.021 -0.975 -0.809 0.554 -0.194
0.545 0.832 0.104 0.219 -0.021 -0.975 -0.809 0.554 -0.194
0.545 0.832 0.104 0.219 -0.021 -0.975 -0.809 0.554 -0.194
0.545 0.832 0.106 0.222 -0.021 -0.975 -0.808 0.555 -0.196
0.545 0.832 0.106 0.222 -0.021 -0.975 -0.808 0.555 -0.196
0.545 0.832 0.106 0.222 -0.021 -0.975 -0.808 0.555 -0.196
0.545 0.832 0.106 0.222 -0.021 -0.975 -0.808 0.555 -0.196
0.546 0.831 0.107 0.225 -0.022 -0.974 -0.807 0.556 -0.199
0.546 0.831 0.107 0.225 -0.022 -0.974 -0.807 0.556 -0.199
0.546 0.831 0.107 0.225 -0.022 -0.974 -0.807 0.556 -0.199
0.547 0.830 0.109 0.228 -0.023 -0.973 -0.805 0.557 -0.202
0.547 0.830 0.109 0.228 -0.023 -0.973 -0.805 0.557 -0.202
0.547 0.830 0.109 0.228 -0.023 -0.973 -0.805 0.557 -0.202
0.548 0.829 0.110 0.231 -0.024 -0.973 -0.804 0.558 -0.204
0.548 0.829 0.110 0.231 -0.024 -0.973 -0.804 0.558 -0.204
0.548 0.829 0.110 0.231 -0.024 -0.973 -0.804 0.558 -0.204
0.548 0.829 0.110 0.231 -0.024 -0.973 -0.804 0.558 -0.204
0.548 0.829 0.111 0.234 -0.024 -0.972 -0.803 0.559 -0.207
0.548 0.829 0.111 0.234 -0.024 -0.972 -0.803 0.559 -0.207
0.548 0.829 0.111 0.234 -0.024 -0.972 -0.803 0.559 -0.207
0.548 0.829 0.113 0.237 -0.024 -0.971 -0.802 0.559 -0.209
0.548 0.829 0.113 0.237 -0.024 -0.971 -0.802 0.559 -0.209
0.548 0.829 0.113 0.237 -0.024 -0.971 -0.802 0.559 -0.209
0.548 0.828 0.116 0.240 -0.024 -0.970 -0.801 0.560 -0.212
0.548 0.828 0.116 0.240 -0.024 -0.970 -0.801 0.560 -0.212
0.548 0.828 0.116 0.240 -0.024 -0.970 -0.801 0.560 -0.212
0.548 0.828 0.116 0.240 -0.024 -0.970 -0.801 0.560 -0.212
0.547 0.829 0.118 0.245 -0.024 -0.969 -0.800 0.559 -0.216
0.547 0.829 0.118 0.245 -0.024 -0.969 -0.800 0.559 -0.216
0.547 0.829 0.118 0.245 -0.024 -0.969 -0.800 0.559 -0.216
0.545 0.829 0.121 0.250 -0.023 -0.968 -0.800 0.558 -0.220
0.545 0.829 0.121 0.250 -0.023 -0.968 -0.800 0.558 -0.220
0.545 0.829 0.121 0.250 -0.023 -0.968 -0.800 0.558 -0.220
0.544 0.830 0.124 0.255 -0.023 -0.967 -0.799 0.557 -0.225
0.544 0.830 0.124 0.255 -0.023 -0.967 -0.799 0.557 -0.225
0.544 0.830 0.124 0.255 -0.023 -0.967 -0.799 0.557 -0.225
0.544 0.830 0.124 0.255 -0.023 -0.967 -0.799 0.557 -0.225
0.543 0.830 0.127 0.261 -0.023 -0.965 -0.798 0.557 -0.229
0.543 0.830 0.127 0.261 -0.023 -0.965 -0.798 0.557 -0.229
0.543 0.830 0.127 0.261 -0.023 -0.965 -0.798 0.557 -0.229
0.544 0.829 0.130 0.266 -0.023 -0.964 -0.796 0.559 -0.233
0.544 0.829 0.130 0.266 -0.023 -0.964 -0.796 0.559 -0.233
0.544 0.829 0.130 0.266 -0.023 -0.964 -0.796 0.559 -0.233
0.544 0.828 0.134 0.270 -0.022 -0.962 -0.794 0.560 -0.236
0.544 0.828 0.134 0.270 -0.022 -0.962 -0.794 0.560 -0.236
0.544 0.828 0.134 0.270 -0.022 -0.962 -0.794 0.560 -0.236
0.544 0.828 0.134 0.270 -0.022 -0.962 -0.794 0.560 -0.236
0.544 0.828 0.137 0.275 -0.021 -0.961 -0.793 0.561 -0.239
0.544 0.828 0.137 0.275 -0.021 -0.961 -0.793 0.561 -0.239
0.544 0.828 0.137 0.275 -0.021 -0.961 -0.793 0.561 -0.239
0.543 0.828 0.140 0.278 -0.020 -0.960 -0.792 0.561 -0.241
0.543 0.828 0.140 0.278 -0.020 -0.960 -0.792 0.561 -0.241
0.543 0.828 0.140 0.278 -0.020 -0.960 -0.792 0.561 -0.241
0.543 0.828 0.143 0.282 -0.019 -0.959 -0.791 0.561 -0.244
0.543 0.828 0.143 0.282 -0.019 -0.959 -0.791 0.561 -0.244
0.543 0.828 0.143 0.282 -0.019 -0.959 -0.791 0.561 -0.244
0.543 0.828 0.143 0.282 -0.019 -0.959 -0.791 0.561 -0.244
0.543 0.827 0.145 0.286 -0.019 -0.958 -0.790 0.561 -0.247
0.543 0.827 0.145 0.286 -0.019 -0.958 -0.790 0.561 -0.247
0.543 0.827 0.145 0.286 -0.019 -0.958 -0.790 0.561 -0.247
0.542 0.827 0.147 0.289 -0.019 -0.957 -0.789 0.561 -0.250
0.542 0.827 0.147 0.289 -0.019 -0.957 -0.789 0.561 -0.250
0.542 0.827 0.147 0.289 -0.019 -0.957 -0.789 0.561 -0.250
0.541 0.827 0.150 0.293 -0.018 -0.956 -0.788 0.561 -0.252
0.541 0.827 0.150 0.293 -0.018 -0.956 -0.788 0.561 -0.252
0.541 0.827 0.150 0.293 -0.018 -0.956 -0.788 0.561 -0.252
0.541 0.827 0.150 0.293 -0.018 -0.956 -0.788 0.561 -0.252
0.540 0.828 0.152 0.296 -0.017 -0.955 -0.788 0.561 -0.254
0.540 0.828 0.152 0.296 -0.017 -0.955 -0.788 0.561 -0.254
0.540 0.828 0.152 0.296 -0.017 -0.955 -0.788 0.561 -0.254
0.539 0.828 0.155 0.299 -0.016 -0.954 -0.788 0.560 -0.256
0.539 0.828 0.155 0.299 -0.016 -0.954 -0.788 0.560 -0.256
0.539 0.828 0.155 0.299 -0.016 -0.954 -0.788 0.560 -0.256
0.537 0.829 0.157 0.302 -0.016 -0.953 -0.787 0.560 -0.259
0.537 0.829 0.157 0.302 -0.016 -0.953 -0.787 0.560 -0.259
0.537 0.829 0.157 0.302 -0.016 -0.953 -0.787 0.560 -0.259
0.537 0.829 0.157 0.302 -0.016 -0.953 -0.787 0.560 -0.259
0.536 0.829 0.158 0.305 -0.015 -0.952 -0.787 0.559 -0.261
0.536 0.829 0.158 0.305 -0.015 -0.952 -0.787 0.559 -0.261
0.536 0.829 0.158 0.305 -0.015 -0.952 -0.787 0.559 -0.261
0.536 0.829 0.160 0.308 -0.015 -0.951 -0.786 0.559 -0.264
0.536 0.829 0.160 0.308 -0.015 -0.951 -0.786 0.559 -0.264
0.536 0.829 0.160 0.308 -0.015 -0.951 -0.786 0.559 -0.264
0.535 0.829 0.162 0.311 -0.015 -0.950 -0.785 0.559 -0.266
0.535 0.829 0.162 0.311 -0.015 -0.950 -0.785 0.559 -0.266
0.535 0.829 0.162 0.311 -0.015 -0.950 -0.785 0.559 -0.266
0.535 0.829 0.162 0.311 -0.015 -0.950 -0.785 0.559 -0.266
0.534 0.829 0.165 0.315 -0.015 -0.949 -0.784 0.559 -0.269
0.534 0.829 0.165 0.315 -0.015 -0.949 -0.784 0.559 -0.269
0.534 0.829 0.165 0.315 -0.015 -0.949 -0.784 0.559 -0.269
0.533 0.829 0.167 0.319 -0.015 -0.948 -0.783 0.559 -0.273
0.533 0.829 0.167 0.319 -0.015 -0.948 -0.783 0.559 -0.273
0.533 0.829 0.167 0.319 -0.015 -0.948 -0.783 0.559 -0.273
0.532 0.829 0.169 0.323 -0.015 -0.946 -0.782 0.558 -0.276
0.532 0.829 0.169 0.323 -0.015 -0.946 -0.782 0.558 -0.276
0.532 0.829 0.169 0.323 -0.015 -0.946 -0.782 0.558 -0.276
0.532 0.829 0.169 0.323 -0.015 -0.946 -0.782 0.558 -0.276
0.531 0.830 0.171 0.327 -0.015 -0.945 -0.782 0.558 -0.279
0.531 0.830 0.171 0.327 -0.015 -0.945 -0.782 0.558 -0.279
0.531 0.830 0.171 0.327 -0.015 -0.945 -0.782 0.558 -0.279
0.530 0.830 0.173 0.330 -0.014 -0.944 -0.781 0.557 -0.282
0.530 0.830 0.173 0.330 -0.014 -0.944 -0.781 0.557 -0.282
0.530 0.830 0.173 0.330 -0.014 -0.944 -0.781 0.557 -0.282
0.529 0.831 0.175 0.333 -0.013 -0.943 -0.781 0.557 -0.284
0.529 0.831 0.175 0.333 -0.013 -0.943 -0.781 0.557 -0.284
0.529 0.831 0.175 0.333 -0.013 -0.943 -0.781 0.557 -0.284
0.529 0.831 0.175 0.333 -0.013 -0.943 -0.781 0.557 -0.284
0.527 0.831 0.178 0.336 -0.012 -0.942 -0.781 0.556 -0.285
0.527 0.831 0.178 0.336 -0.012 -0.942 -0.781 0.556 -0.285
0.527 0.831 0.178 0.336 -0.012 -0.942 -0.781 0.556 -0.285
0.527 0.831 0.180 0.338 -0.010 -0.941 -0.780 0.556 -0.286
0.527 0.831 0.180 0.338 -0.010 -0.941 -0.780 0.556 -0.286
0.527 0.831 0.180 0.338 -0.010 -0.941 -0.780 0.556 -0.286
0.526 0.831 0.182 0.340 -0.010 -0.940 -0.780 0.556 -0.288
0.526 0.831 0.182 0.340 -0.010 -0.940 -0.780 0.556 -0.288
0.526 0.831 0.182 0.340 -0.010 -0.940 -0.780 0.556 -0.288
0.526 0.831 0.182 0.340 -0.010 -0.940 -0.780 0.556 -0.288
0.525 0.831 0.183 0.343 -0.010 -0.939 -0.779 0.556 -0.290
0.525 0.831 0.183 0.343 -0.010 -0.939 -0.779 0.556 -0.290
0.525 0.831 0.183 0.343 -0.010 -0.939 -0.779 0.556 -0.290
0.525 0.831 0.183 0.345 -0.011 -0.939 -0.778 0.556 -0.292
0.525 0.831 0.183 0.345 -0.011 -0.939 -0.778 0.556 -0.292
0.525 0.831 0.183 0.345 -0.011 -0.939 -0.778 0.556 -0.292
0.524 0.831 0.184 0.346 -0.011 -0.938 -0.778 0.556 -0.294
0.524 0.831 0.184 0.346 -0.011 -0.938 -0.778 0.556 -0.294
0.524 0.831 0.184 0.346 -0.011 -0.938 -0.778 0.556 -0.294
0.524 0.831 0.184 0.346 -0.011 -0.938 -0.778 0.556 -0.294
0.524 0.831 0.185 0.348 -0.011 -0.937 -0.777 0.556 -0.295
0.524 0.831 0.185 0.348 -0.011 -0.937 -0.777 0.556 -0.295
0.524 0.831 0.185 0.348 -0.011 -0.937 -0.777 0.556 -0.295
0.523 0.832 0.187 0.350 -0.010 -0.937 -0.777 0.555 -0.296
0.523 0.832 0.187 0.350 -0.010 -0.937 -0.777 0.555 -0.296
0.523 0.832 0.187 0.350 -0.010 -0.937 -0.777 0.555 -0.296
0.523 0.832 0.188 0.352 -0.009 -0.936 -0.777 0.555 -0.297
0.523 0.832 0.188 0.352 -0.009 -0.936 -0.777 0.555 -0.297
0.523 0.832 0.188 0.352 -0.009 -0.936 -0.777 0.555 -0.297
0.523 0.832 0.188 0.352 -0.009 -0.936 -0.777 0.555 -0.297
0.522 0.831 0.189 0.353 -0.009 -0.936 -0.776 0.556 -0.298
0.522 0.831 0.189 0.353 -0.009 -0.936 -0.776 0.556 -0.298
0.522 0.831 0.189 0.353 -0.009 -0.936 -0.776 0.556 -0.298
0.522 0.831 0.190 0.355 -0.009 -0.935 -0.776 0.556 -0.300
0.522 0.831 0.190 0.355 -0.009 -0.935 -0.776 0.556 -0.300
0.522 0.831 0.190 0.355 -0.009 -0.935 -0.776 0.556 -0.300
0.522 0.831 0.190 0.355 -0.009 -0.935 -0.776 0.556 -0.300
0.522 0.831 0.191 0.357 -0.009 -0.934 -0.775 0.556 -0.301
0.522 0.831 0.191 0.357 -0.009 -0.934 -0.775 0.556 -0.301
0.522 0.831 0.191 0.357 -0.009 -0.934 -0.775 0.556 -0.301
0.522 0.831 0.192 0.359 -0.009 -0.933 -0.774 0.556 -0.303
0.522 0.831 0.192 0.359 -0.009 -0.933 -0.774 0.556 -0.303
0.522 0.831 0.192 0.359 -0.009 -0.933 -0.774 0.556 -0.303
0.521 0.831 0.195 0.362 -0.009 -0.932 -0.773 0.556 -0.306
0.521 0.831 0.195 0.362 -0.009 -0.932 -0.773 0.556 -0.306
0.521 0.831 0.195 0.362 -0.009 -0.932 -0.773 0.556 -0.306
0.520 0.831 0.198 0.366 -0.007 -0.931 -0.772 0.556 -0.308
0.520 0.831 0.198 0.366 -0.007 -0.931 -0.772 0.556 -0.308
0.520 0.831 0.198 0.366 -0.007 -0.931 -0.772 0.556 -0.308
0.520 0.831 0.198 0.366 -0.007 -0.931 -0.772 0.556 -0.308
0.519 0.831 0.201 0.370 -0.006 -0.929 -0.770 0.557 -0.311
0.519 0.831 0.201 0.370 -0.006 -0.929 -0.770 0.557 -0.311
0.519 0.831 0.201 0.370 -0.006 -0.929 -0.770 0.557 -0.311
0.518 0.831 0.204 0.374 -0.006 -0.927 -0.769 0.557 -0.314
0.518 0.831 0.204 0.374 -0.006 -0.927 -0.769 0.557 -0.314
0.518 0.831 0.204 0.374 -0.006 -0.927 -0.769 0.557 -0.314
0.518 0.831 0.205 0.377 -0.007 -0.926 -0.768 0.557 -0.317
0.518 0.831 0.205 0.377 -0.007 -0.926 -0.768 0.557 -0.317
0.518 0.831 0.205 0.377 -0.007 -0.926 -0.768 0.557 -0.317
0.518 0.831 0.205 0.377 -0.007 -0.926 -0.768 0.557 -0.317
0.518 0.831 0.205 0.379 -0.008 -0.925 -0.767 0.557 -0.319
0.518 0.831 0.205 0.379 -0.008 -0.925 -0.767 0.557 -0.319
0.518 0.831 0.205 0.379 -0.008 -0.925 -0.767 0.557 -0.319
0.518 0.831 0.204 0.380 -0.009 -0.925 -0.767 0.556 -0.320
0.518 0.831 0.204 0.380 -0.009 -0.925 -0.767 0.556 -0.320
0.518 0.831 0.204 0.380 -0.009 -0.925 -0.767 0.556 -0.320
0.517 0.831 0.204 0.381 -0.010 -0.925 -0.767 0.556 -0.322
0.517 0.831 0.204 0.381 -0.010 -0.925 -0.767 0.556 -0.322
0.517 0.831 0.204 0.381 -0.010 -0.925 -0.767 0.556 -0.322
0.517 0.831 0.204 0.381 -0.010 -0.925 -0.767 0.556 -0.322
0.517 0.831 0.203 0.381 -0.011 -0.925 -0.767 0.555 -0.322
0.517 0.831 0.203 0.381 -0.011 -0.925 -0.767 0.555 -0.322
0.517 0.831 0.203 0.381 -0.011 -0.925 -0.767 0.555 -0.322
0.517 0.832 0.203 0.381 -0.011 -0.924 -0.767 0.555 -0.323
0.517 0.832 0.203 0.381 -0.011 -0.924 -0.767 0.555 -0.323
0.517 0.832 0.203 0.381 -0.011 -0.924 -0.767 0.555 -0.323
0.517 0.832 0.203 0.382 -0.012 -0.924 -0.766 0.555 -0.324
0.517 0.832 0.203 0.382 -0.012 -0.924 -0.766 0.555 -0.324
0.517 0.832 0.203 0.382 -0.012 -0.924 -0.766 0.555 -0.324
0.517 0.832 0.203 0.382 -0.012 -0.924 -0.766 0.555 -0.324
0.516 0.832 0.203 0.383 -0.012 -0.924 -0.766 0.554 -0.325
0.516 0.832 0.203 0.383 -0.012 -0.924 -0.766 0.554 -0.325
0.516 0.832 0.203 0.383 -0.012 -0.924 -0.766 0.554 -0.325
0.516 0.832 0.203 0.385 -0.013 -0.923 -0.765 0.554 -0.327
0.516 0.832 0.203 0.385 -0.013 -0.923 -0.765 0.554 -0.327
0.516 0.832 0.203 0.385 -0.013 -0.923 -0.765 0.554 -0.327
0.515 0.833 0.204 0.387 -0.013 -0.922 -0.765 0.554 -0.329
0.515 0.833 0.204 0.387 -0.013 -0.922 -0.765 0.554 -0.329
0.515 0.833 0.204 0.387 -0.013 -0.922 -0.765 0.554 -0.329
0.515 0.833 0.204 0.387 -0.013 -0.922 -0.765 0.554 -0.329
0.515 0.832 0.206 0.390 -0.014 -0.921 -0.764 0.554 -0.332
0.515 0.832 0.206 0.390 -0.014 -0.921 -0.764 0.554 -0.332
0.515 0.832 0.206 0.390 -0.014 -0.921 -0.764 0.554 -0.332
0.514 0.832 0.208 0.394 -0.013 -0.919 -0.762 0.555 -0.335
0.514 0.832 0.208 0.394 -0.013 -0.919 -0.762 0.555 -0.335
0.514 0.832 0.208 0.394 -0.013 -0.919 -0.762 0.555 -0.335
0.514 0.831 0.211 0.399 -0.014 -0.917 -0.759 0.556 -0.339
0.514 0.831 0.211 0.399 -0.014 -0.917 -0.759 0.556 -0.339
0.514 0.831 0.211 0.399 -0.014 -0.917 -0.759 0.556 -0.339
0.514 0.831 0.211 0.399 -0.014 -0.917 -0.759 0.556 -0.339
0.513 0.831 0.213 0.404 -0.015 -0.915 -0.757 0.556 -0.343
0.513 0.831 0.213 0.404 -0.015 -0.915 -0.757 0.556 -0.343
0.513 0.831 0.213 0.404 -0.015 -0.915 -0.757 0.556 -0.343
0.512 0.832 0.215 0.408 -0.015 -0.913 -0.756 0.555 -0.347
0.512 0.832 0.215 0.408 -0.015 -0.913 -0.756 0.555 -0.347
0.512 0.832 0.215 0.408 -0.015 -0.913 -0.756 0.555 -0.347
0.511 0.832 0.216 0.410 -0.015 -0.912 -0.756 0.554 -0.349
0.511 0.832 0.216 0.410 -0.015 -0.912 -0.756 0.554 -0.349
0.511 0.832 0.216 0.410 -0.015 -0.912 -0.756 0.554 -0.349
0.511 0.832 0.216 0.410 -0.015 -0.912 -0.756 0.554 -0.349
0.510 0.832 0.217 0.412 -0.014 -0.911 -0.755 0.554 -0.350
0.510 0.832 0.217 0.412 -0.014 -0.911 -0.755 0.554 -0.350
0.510 0.832 0.217 0.412 -0.014 -0.911 -0.755 0.554 -0.350
0.510 0.832 0.217 0.412 -0.014 -0.911 -0.755 0.554 -0.350
0.508 0.833 0.219 0.414 -0.013 -0.910 -0.756 0.553 -0.351
0.508 0.833 0.219 0.414 -0.013 -0.910 -0.756 0.553 -0.351
0.507 0.833 0.222 0.416 -0.010 -0.909 -0.755 0.553 -0.352
0.507 0.833 0.222 0.416 -0.010 -0.909 -0.755 0.553 -0.352
0.507 0.833 0.222 0.416 -0.010 -0.909 -0.755 0.553 -0.352
0.507 0.833 0.222 0.416 -0.010 -0.909 -0.755 0.553 -0.352
0.505 0.833 0.226 0.419 -0.008 -0.908 -0.754 0.553 -0.353
