0.355382 -0.30625 0.099999 0 0 0 0 0 0
0.35537 -0.299479 0.099999 0 0 0 0 0 0
0.355368 -0.298076 0.099999 0 0 0 0 0 0
0.355355 -0.290799 0.099999 0 0 0 0 0 0
0.355353 -0.289381 0.099999 0 0 0 0 0 0
0.355341 -0.282118 0.099999 0 0 0 0 0 0
0.355338 -0.280685 0.099999 0 0 0 0 0 0
0.355326 -0.273438 0.099999 0 0 0 0 0 0
0.355323 -0.27199 0.099999 0 0 0 0 0 0
0.355311 -0.264757 0.099999 0 0 0 0 0 0
0.355308 -0.263294 0.099999 0 0 0 0 0 0
0.355296 -0.256076 0.099999 0 0 0 0 0 0
0.355293 -0.254599 0.099999 0 0 0 0 0 0
0.355281 -0.247396 0.099999 0 0 0 0 0 0
0.355278 -0.245903 0.099999 0 0 0 0 0 0
0.355266 -0.238715 0.099999 0 0 0 0 0 0
0.355264 -0.237208 0.099999 0 0 0 0 0 0
0.355251 -0.230035 0.099999 0 0 0 0 0 0
0.355249 -0.228513 0.099999 0 0 0 0 0 0
0.355236 -0.221354 0.099999 0 0 0 0 0 0
0.355234 -0.219817 0.099999 0 0 0 0 0 0
0.355221 -0.212674 0.099999 0 0 0 0 0 0
0.355219 -0.211122 0.099999 0 0 0 0 0 0
0.355207 -0.203993 0.099999 0 0 0 0 0 0
0.355204 -0.202426 0.099999 0 0 0 0 0 0
0.355192 -0.195312 0.099999 0 0 0 0 0 0
0.355189 -0.193731 0.099999 0 0 0 0 0 0
0.355177 -0.186632 0.099999 0 0 0 0 0 0
0.355174 -0.185035 0.099999 0 0 0 0 0 0
0.355162 -0.177951 0.099999 0 0 0 0 0 0
0.355159 -0.17634 0.099999 0 0 0 0 0 0
0.355147 -0.169271 0.099999 0 0 0 0 0 0
0.355144 -0.167644 0.099999 0 0 0 0 0 0
0.355132 -0.16059 0.099999 0 0 0 0 0 0
0.355129 -0.158949 0.099999 0 0 0 0 0 0
0.355117 -0.15191 0.099999 0 0 0 0 0 0
0.355114 -0.150253 0.099999 0 0 0 0 0 0
0.355102 -0.143229 0.099999 0 0 0 0 0 0
0.3551 -0.141558 0.099999 0 0 0 0 0 0
0.355088 -0.134549 0.099999 0 0 0 0 0 0
0.355085 -0.132862 0.099999 0 0 0 0 0 0
0.355073 -0.125868 0.099999 0 0 0 0 0 0
0.35507 -0.124167 0.099999 0 0 0 0 0 0
0.355058 -0.117187 0.099999 0 0 0 0 0 0
0.355055 -0.115472 0.099999 0 0 0 0 0 0
0.355043 -0.108507 0.099999 0 0 0 0 0 0
0.35504 -0.106776 0.099999 0 0 0 0 0 0
0.355028 -0.0998264 0.099999 0 0 0 0 0 0
0.355025 -0.0980806 0.099999 0 0 0 0 0 0
0.355013 -0.0911458 0.099999 0 0 0 0 0 0
0.35501 -0.0893852 0.099999 0 0 0 0 0 0
0.354998 -0.0824653 0.099999 0 0 0 0 0 0
0.354995 -0.0806897 0.099999 0 0 0 0 0 0
0.354983 -0.0737847 0.099999 0 0 0 0 0 0
0.35498 -0.0719942 0.099999 0 0 0 0 0 0
0.354969 -0.0651042 0.099999 0 0 0 0 0 0
0.354965 -0.0632988 0.099999 0 0 0 0 0 0
0.354954 -0.0564236 0.099999 0 0 0 0 0 0
0.354951 -0.0546033 0.099999 0 0 0 0 0 0
0.354939 -0.0477431 0.099999 0 0 0 0 0 0
0.354936 -0.0459079 0.099999 0 0 0 0 0 0
0.354924 -0.0390625 0.099999 0 0 0 0 0 0
0.354921 -0.0372124 0.099999 0 0 0 0 0 0
0.354909 -0.0303819 0.099999 0 0 0 0 0 0
0.354906 -0.0285169 0.099999 0 0 0 0 0 0
0.354894 -0.0217014 0.099999 0 0 0 0 0 0
0.354891 -0.0198215 0.099999 0 0 0 0 0 0
0.354879 -0.0130208 0.099999 0 0 0 0 0 0
0.354876 -0.011126 0.099999 0 0 0 0 0 0
0.354864 -0.00434029 0.099999 0 0 0 0 0 0
0.354861 -0.00243054 0.099999 0 0 0 0 0 0
0.354849 0.00434029 0.099999 0 0 0 0 0 0
0.354846 0.00626493 0.099999 0 0 0 0 0 0
0.354835 0.0130208 0.099999 0 0 0 0 0 0
0.354831 0.0149604 0.099999 0 0 0 0 0 0
0.35482 0.0217014 0.099999 0 0 0 0 0 0
0.354816 0.0236558 0.099999 0 0 0 0 0 0
0.354805 0.0303819 0.099999 0 0 0 0 0 0
0.354801 0.0323513 0.099999 0 0 0 0 0 0
0.35479 0.0390625 0.099999 0 0 0 0 0 0
0.354787 0.0410468 0.099999 0 0 0 0 0 0
0.354775 0.0477431 0.099999 0 0 0 0 0 0
0.354772 0.0497423 0.099999 0 0 0 0 0 0
0.35476 0.0564236 0.099999 0 0 0 0 0 0
0.354757 0.0584377 0.099999 0 0 0 0 0 0
0.354745 0.0651042 0.099999 0 0 0 0 0 0
0.354742 0.0671332 0.099999 0 0 0 0 0 0
0.35473 0.0737847 0.099999 0 0 0 0 0 0
0.354727 0.0758286 0.099999 0 0 0 0 0 0
0.354716 0.0824653 0.099999 0 0 0 0 0 0
0.354712 0.0845241 0.099999 0 0 0 0 0 0
0.354701 0.0911458 0.099999 0 0 0 0 0 0
0.354697 0.0932195 0.099999 0 0 0 0 0 0
0.354686 0.0998264 0.099999 0 0 0 0 0 0
0.354682 0.101915 0.099999 0 0 0 0 0 0
0.354671 0.108507 0.099999 0 0 0 0 0 0
0.354667 0.11061 0.099999 0 0 0 0 0 0
0.354656 0.117188 0.099999 0 0 0 0 0 0
0.354652 0.119306 0.099999 0 0 0 0 0 0
0.354641 0.125868 0.099999 0 0 0 0 0 0
0.354637 0.128001 0.099999 0 0 0 0 0 0
0.354626 0.134549 0.099999 0 0 0 0 0 0
0.354623 0.136697 0.099999 0 0 0 0 0 0
0.354611 0.143229 0.099999 0 0 0 0 0 0
0.354608 0.145392 0.099999 0 0 0 0 0 0
0.354597 0.15191 0.099999 0 0 0 0 0 0
0.354593 0.154088 0.099999 0 0 0 0 0 0
0.354582 0.16059 0.099999 0 0 0 0 0 0
0.354578 0.162783 0.099999 0 0 0 0 0 0
0.354567 0.169271 0.099999 0 0 0 0 0 0
0.354563 0.171479 0.099999 0 0 0 0 0 0
0.354552 0.177951 0.099999 0 0 0 0 0 0
0.354548 0.180174 0.099999 0 0 0 0 0 0
0.354537 0.186632 0.099999 0 0 0 0 0 0
0.354533 0.18887 0.099999 0 0 0 0 0 0
0.354522 0.195312 0.099999 0 0 0 0 0 0
0.354518 0.197565 0.099999 0 0 0 0 0 0
0.354507 0.203993 0.099999 0 0 0 0 0 0
0.354503 0.206261 0.099999 0 0 0 0 0 0
0.354492 0.212674 0.099999 0 0 0 0 0 0
0.354488 0.214956 0.099999 0 0 0 0 0 0
0.354477 0.221354 0.099999 0 0 0 0 0 0
0.354474 0.223651 0.099999 0 0 0 0 0 0
0.354463 0.230035 0.099999 0 0 0 0 0 0
0.354459 0.232347 0.099999 0 0 0 0 0 0
0.354448 0.238715 0.099999 0 0 0 0 0 0
0.354444 0.241042 0.099999 0 0 0 0 0 0
0.354433 0.247396 0.099999 0 0 0 0 0 0
0.354429 0.249738 0.099999 0 0 0 0 0 0
0.354418 0.256076 0.099999 0 0 0 0 0 0
0.354414 0.258433 0.099999 0 0 0 0 0 0
0.354403 0.264757 0.099999 0 0 0 0 0 0
0.354399 0.267129 0.099999 0 0 0 0 0 0
0.354388 0.273438 0.099999 0 0 0 0 0 0
0.354384 0.275824 0.099999 0 0 0 0 0 0
0.354373 0.282118 0.099999 0 0 0 0 0 0
0.354369 0.28452 0.099999 0 0 0 0 0 0
0.354358 0.290799 0.099999 0 0 0 0 0 0
0.354354 0.293215 0.099999 0 0 0 0 0 0
0.354344 0.299479 0.099999 0 0 0 0 0 0
0.35434 0.301389 0.099999 0 0 0 0 0 0
0.35434 0.301389 0.099999 0 0 0 0 0 0
0.354836 0.301414 0.099999 0 0 0 0 0 0
0.356771 0.30151 0.099999 0 0 0 0 0 0
0.363107 0.301824 0.099999 0 0 0 0 0 0
0.365451 0.30194 0.099999 0 0 0 0 0 0
0.371377 0.302234 0.099999 0 0 0 0 0 0
0.374132 0.302371 0.099999 0 0 0 0 0 0
0.379647 0.302645 0.099999 0 0 0 0 0 0
0.382812 0.302802 0.099999 0 0 0 0 0 0
0.387917 0.303055 0.099999 0 0 0 0 0 0
0.391493 0.303232 0.099999 0 0 0 0 0 0
0.396187 0.303465 0.099999 0 0 0 0 0 0
0.400174 0.303663 0.099999 0 0 0 0 0 0
0.404458 0.303876 0.099999 0 0 0 0 0 0
0.408854 0.304094 0.099999 0 0 0 0 0 0
0.412728 0.304286 0.099999 0 0 0 0 0 0
0.417535 0.304525 0.099999 0 0 0 0 0 0
0.420998 0.304696 0.099999 0 0 0 0 0 0
0.426215 0.304955 0.099999 0 0 0 0 0 0
0.429268 0.305107 0.099999 0 0 0 0 0 0
0.434896 0.305386 0.099999 0 0 0 0 0 0
0.437539 0.305517 0.099999 0 0 0 0 0 0
0.443576 0.305817 0.099999 0 0 0 0 0 0
0.445313 0.305903 0.099999 0 0 0 0 0 0
0.445313 0.305903 0.099999 0 0 0 0 0 0
0.445324 0.299479 0.099999 0 0 0 0 0 0
0.445327 0.297729 0.099999 0 0 0 0 0 0
0.445338 0.290799 0.099999 0 0 0 0 0 0
0.445341 0.289034 0.099999 0 0 0 0 0 0
0.445353 0.282118 0.099999 0 0 0 0 0 0
0.445356 0.280338 0.099999 0 0 0 0 0 0
0.445368 0.273438 0.099999 0 0 0 0 0 0
0.445371 0.271643 0.099999 0 0 0 0 0 0
0.445383 0.264757 0.099999 0 0 0 0 0 0
0.445386 0.262947 0.099999 0 0 0 0 0 0
0.445398 0.256076 0.099999 0 0 0 0 0 0
0.445401 0.254252 0.099999 0 0 0 0 0 0
0.445413 0.247396 0.099999 0 0 0 0 0 0
0.445416 0.245556 0.099999 0 0 0 0 0 0
0.445428 0.238715 0.099999 0 0 0 0 0 0
0.445431 0.236861 0.099999 0 0 0 0 0 0
0.445443 0.230035 0.099999 0 0 0 0 0 0
0.445446 0.228165 0.099999 0 0 0 0 0 0
0.445457 0.221354 0.099999 0 0 0 0 0 0
0.445461 0.21947 0.099999 0 0 0 0 0 0
0.445472 0.212674 0.099999 0 0 0 0 0 0
0.445476 0.210774 0.099999 0 0 0 0 0 0
0.445487 0.203993 0.099999 0 0 0 0 0 0
0.44549 0.202079 0.099999 0 0 0 0 0 0
0.445502 0.195312 0.099999 0 0 0 0 0 0
0.445505 0.193384 0.099999 0 0 0 0 0 0
0.445517 0.186632 0.099999 0 0 0 0 0 0
0.44552 0.184688 0.099999 0 0 0 0 0 0
0.445532 0.177951 0.099999 0 0 0 0 0 0
0.445535 0.175993 0.099999 0 0 0 0 0 0
0.445547 0.169271 0.099999 0 0 0 0 0 0
0.44555 0.167297 0.099999 0 0 0 0 0 0
0.445562 0.16059 0.099999 0 0 0 0 0 0
0.445565 0.158602 0.099999 0 0 0 0 0 0
0.445576 0.15191 0.099999 0 0 0 0 0 0
0.44558 0.149906 0.099999 0 0 0 0 0 0
0.445591 0.143229 0.099999 0 0 0 0 0 0
0.445595 0.141211 0.099999 0 0 0 0 0 0
0.445606 0.134549 0.099999 0 0 0 0 0 0
0.44561 0.132515 0.099999 0 0 0 0 0 0
0.445621 0.125868 0.099999 0 0 0 0 0 0
0.445625 0.12382 0.099999 0 0 0 0 0 0
0.445636 0.117188 0.099999 0 0 0 0 0 0
0.44564 0.115124 0.099999 0 0 0 0 0 0
0.445651 0.108507 0.099999 0 0 0 0 0 0
0.445654 0.106429 0.099999 0 0 0 0 0 0
0.445666 0.0998264 0.099999 0 0 0 0 0 0
0.445669 0.0977334 0.099999 0 0 0 0 0 0
0.445681 0.0911458 0.099999 0 0 0 0 0 0
0.445684 0.089038 0.099999 0 0 0 0 0 0
0.445696 0.0824653 0.099999 0 0 0 0 0 0
0.445699 0.0803425 0.099999 0 0 0 0 0 0
0.44571 0.0737847 0.099999 0 0 0 0 0 0
0.445714 0.071647 0.099999 0 0 0 0 0 0
0.445725 0.0651042 0.099999 0 0 0 0 0 0
0.445729 0.0629516 0.099999 0 0 0 0 0 0
0.44574 0.0564236 0.099999 0 0 0 0 0 0
0.445744 0.0542561 0.099999 0 0 0 0 0 0
0.445755 0.0477431 0.099999 0 0 0 0 0 0
0.445759 0.0455607 0.099999 0 0 0 0 0 0
0.44577 0.0390625 0.099999 0 0 0 0 0 0
0.445774 0.0368652 0.099999 0 0 0 0 0 0
0.445785 0.0303819 0.099999 0 0 0 0 0 0
0.445789 0.0281697 0.099999 0 0 0 0 0 0
0.4458 0.0217014 0.099999 0 0 0 0 0 0
0.445804 0.0194743 0.099999 0 0 0 0 0 0
0.445815 0.0130208 0.099999 0 0 0 0 0 0
0.445818 0.0107788 0.099999 0 0 0 0 0 0
0.445829 0.00434029 0.099999 0 0 0 0 0 0
0.445833 0.00208336 0.099999 0 0 0 0 0 0
0.445844 -0.00434029 0.099999 0 0 0 0 0 0
0.445848 -0.00661211 0.099999 0 0 0 0 0 0
0.445859 -0.0130208 0.099999 0 0 0 0 0 0
0.445863 -0.0153076 0.099999 0 0 0 0 0 0
0.445874 -0.0217014 0.099999 0 0 0 0 0 0
0.445878 -0.024003 0.099999 0 0 0 0 0 0
0.445889 -0.0303819 0.099999 0 0 0 0 0 0
0.445893 -0.0326985 0.099999 0 0 0 0 0 0
0.445904 -0.0390625 0.099999 0 0 0 0 0 0
0.445908 -0.041394 0.099999 0 0 0 0 0 0
0.445919 -0.0477431 0.099999 0 0 0 0 0 0
0.445923 -0.0500894 0.099999 0 0 0 0 0 0
0.445934 -0.0564236 0.099999 0 0 0 0 0 0
0.445938 -0.0587849 0.099999 0 0 0 0 0 0
0.445948 -0.0651042 0.099999 0 0 0 0 0 0
0.445953 -0.0674803 0.099999 0 0 0 0 0 0
0.445963 -0.0737847 0.099999 0 0 0 0 0 0
0.445967 -0.0761758 0.099999 0 0 0 0 0 0
0.445978 -0.0824653 0.099999 0 0 0 0 0 0
0.445982 -0.0848713 0.099999 0 0 0 0 0 0
0.445993 -0.0911458 0.099999 0 0 0 0 0 0
0.445997 -0.0935667 0.099999 0 0 0 0 0 0
0.446008 -0.0998264 0.099999 0 0 0 0 0 0
0.446012 -0.102262 0.099999 0 0 0 0 0 0
0.446023 -0.108507 0.099999 0 0 0 0 0 0
0.446027 -0.110958 0.099999 0 0 0 0 0 0
0.446038 -0.117188 0.099999 0 0 0 0 0 0
0.446042 -0.119653 0.099999 0 0 0 0 0 0
0.446053 -0.125868 0.099999 0 0 0 0 0 0
0.446057 -0.128349 0.099999 0 0 0 0 0 0
0.446068 -0.134549 0.099999 0 0 0 0 0 0
0.446072 -0.137044 0.099999 0 0 0 0 0 0
0.446082 -0.143229 0.099999 0 0 0 0 0 0
0.446087 -0.14574 0.099999 0 0 0 0 0 0
0.446097 -0.15191 0.099999 0 0 0 0 0 0
0.446102 -0.154435 0.099999 0 0 0 0 0 0
0.446112 -0.16059 0.099999 0 0 0 0 0 0
0.446117 -0.16313 0.099999 0 0 0 0 0 0
0.446127 -0.169271 0.099999 0 0 0 0 0 0
0.446131 -0.171826 0.099999 0 0 0 0 0 0
0.446142 -0.177951 0.099999 0 0 0 0 0 0
0.446146 -0.180521 0.099999 0 0 0 0 0 0
0.446157 -0.186632 0.099999 0 0 0 0 0 0
0.446161 -0.189217 0.099999 0 0 0 0 0 0
0.446172 -0.195312 0.099999 0 0 0 0 0 0
0.446176 -0.197912 0.099999 0 0 0 0 0 0
0.446187 -0.203993 0.099999 0 0 0 0 0 0
0.446191 -0.206608 0.099999 0 0 0 0 0 0
0.446201 -0.212674 0.099999 0 0 0 0 0 0
0.446206 -0.215303 0.099999 0 0 0 0 0 0
0.446216 -0.221354 0.099999 0 0 0 0 0 0
0.446221 -0.223999 0.099999 0 0 0 0 0 0
0.446231 -0.230035 0.099999 0 0 0 0 0 0
0.446236 -0.232694 0.099999 0 0 0 0 0 0
0.446246 -0.238715 0.099999 0 0 0 0 0 0
0.446251 -0.24139 0.099999 0 0 0 0 0 0
0.446261 -0.247396 0.099999 0 0 0 0 0 0
0.446266 -0.250085 0.099999 0 0 0 0 0 0
0.446276 -0.256076 0.099999 0 0 0 0 0 0
0.44628 -0.25878 0.099999 0 0 0 0 0 0
0.446291 -0.264757 0.099999 0 0 0 0 0 0
0.446295 -0.267476 0.099999 0 0 0 0 0 0
0.446306 -0.273438 0.099999 0 0 0 0 0 0
0.44631 -0.276171 0.099999 0 0 0 0 0 0
0.44632 -0.282118 0.099999 0 0 0 0 0 0
0.446325 -0.284867 0.099999 0 0 0 0 0 0
0.446335 -0.290799 0.099999 0 0 0 0 0 0
0.44634 -0.293562 0.099999 0 0 0 0 0 0
0.44635 -0.299479 0.099999 0 0 0 0 0 0
0.446354 -0.301736 0.099999 0 0 0 0 0 0
0.446354 -0.301736 0.099999 0 0 0 0 0 0
0.452257 -0.301963 0.099999 0 0 0 0 0 0
0.45484 -0.302063 0.099999 0 0 0 0 0 0
0.460938 -0.302297 0.099999 0 0 0 0 0 0
0.463868 -0.30241 0.099999 0 0 0 0 0 0
0.469618 -0.302631 0.099999 0 0 0 0 0 0
0.472896 -0.302757 0.099999 0 0 0 0 0 0
0.478299 -0.302965 0.099999 0 0 0 0 0 0
0.481924 -0.303104 0.099999 0 0 0 0 0 0
0.486979 -0.303299 0.099999 0 0 0 0 0 0
0.490951 -0.303451 0.099999 0 0 0 0 0 0
0.49566 -0.303632 0.099999 0 0 0 0 0 0
0.499979 -0.303799 0.099999 0 0 0 0 0 0
0.50434 -0.303966 0.099999 0 0 0 0 0 0
0.509007 -0.304146 0.099999 0 0 0 0 0 0
0.513021 -0.3043 0.099999 0 0 0 0 0 0
0.518035 -0.304493 0.099999 0 0 0 0 0 0
0.521701 -0.304634 0.099999 0 0 0 0 0 0
0.527062 -0.30484 0.099999 0 0 0 0 0 0
0.530382 -0.304968 0.099999 0 0 0 0 0 0
0.53609 -0.305188 0.099999 0 0 0 0 0 0
0.539062 -0.305302 0.099999 0 0 0 0 0 0
0.545118 -0.305535 0.099999 0 0 0 0 0 0
0.547743 -0.305636 0.099999 0 0 0 0 0 0
0.554146 -0.305882 0.099999 0 0 0 0 0 0
0.554687 -0.305903 0.099999 0 0 0 0 0 0
0.554687 -0.305903 0.099999 0 0 0 0 0 0
0.554676 -0.299479 0.099999 0 0 0 0 0 0
0.554673 -0.297729 0.099999 0 0 0 0 0 0
0.554662 -0.290799 0.099999 0 0 0 0 0 0
0.554659 -0.289034 0.099999 0 0 0 0 0 0
0.554647 -0.282118 0.099999 0 0 0 0 0 0
0.554644 -0.280338 0.099999 0 0 0 0 0 0
0.554632 -0.273438 0.099999 0 0 0 0 0 0
0.554629 -0.271643 0.099999 0 0 0 0 0 0
0.554617 -0.264757 0.099999 0 0 0 0 0 0
0.554614 -0.262947 0.099999 0 0 0 0 0 0
0.554602 -0.256076 0.099999 0 0 0 0 0 0
0.554599 -0.254252 0.099999 0 0 0 0 0 0
0.554587 -0.247396 0.099999 0 0 0 0 0 0
0.554584 -0.245556 0.099999 0 0 0 0 0 0
0.554572 -0.238715 0.099999 0 0 0 0 0 0
0.554569 -0.236861 0.099999 0 0 0 0 0 0
0.554557 -0.230035 0.099999 0 0 0 0 0 0
0.554554 -0.228165 0.099999 0 0 0 0 0 0
0.554543 -0.221354 0.099999 0 0 0 0 0 0
0.554539 -0.21947 0.099999 0 0 0 0 0 0
0.554528 -0.212674 0.099999 0 0 0 0 0 0
0.554524 -0.210774 0.099999 0 0 0 0 0 0
0.554513 -0.203993 0.099999 0 0 0 0 0 0
0.55451 -0.202079 0.099999 0 0 0 0 0 0
0.554498 -0.195312 0.099999 0 0 0 0 0 0
0.554495 -0.193384 0.099999 0 0 0 0 0 0
0.554483 -0.186632 0.099999 0 0 0 0 0 0
0.55448 -0.184688 0.099999 0 0 0 0 0 0
0.554468 -0.177951 0.099999 0 0 0 0 0 0
0.554465 -0.175993 0.099999 0 0 0 0 0 0
0.554453 -0.169271 0.099999 0 0 0 0 0 0
0.55445 -0.167297 0.099999 0 0 0 0 0 0
0.554438 -0.16059 0.099999 0 0 0 0 0 0
0.554435 -0.158602 0.099999 0 0 0 0 0 0
0.554424 -0.15191 0.099999 0 0 0 0 0 0
0.55442 -0.149906 0.099999 0 0 0 0 0 0
0.554409 -0.143229 0.099999 0 0 0 0 0 0
0.554405 -0.141211 0.099999 0 0 0 0 0 0
0.554394 -0.134549 0.099999 0 0 0 0 0 0
0.55439 -0.132515 0.099999 0 0 0 0 0 0
0.554379 -0.125868 0.099999 0 0 0 0 0 0
0.554375 -0.12382 0.099999 0 0 0 0 0 0
0.554364 -0.117188 0.099999 0 0 0 0 0 0
0.55436 -0.115124 0.099999 0 0 0 0 0 0
0.554349 -0.108507 0.099999 0 0 0 0 0 0
0.554346 -0.106429 0.099999 0 0 0 0 0 0
0.554334 -0.0998264 0.099999 0 0 0 0 0 0
0.554331 -0.0977334 0.099999 0 0 0 0 0 0
0.554319 -0.0911458 0.099999 0 0 0 0 0 0
0.554316 -0.089038 0.099999 0 0 0 0 0 0
0.554304 -0.0824653 0.099999 0 0 0 0 0 0
0.554301 -0.0803425 0.099999 0 0 0 0 0 0
0.55429 -0.0737847 0.099999 0 0 0 0 0 0
0.554286 -0.0716471 0.099999 0 0 0 0 0 0
0.554275 -0.0651042 0.099999 0 0 0 0 0 0
0.554271 -0.0629516 0.099999 0 0 0 0 0 0
0.55426 -0.0564236 0.099999 0 0 0 0 0 0
0.554256 -0.0542561 0.099999 0 0 0 0 0 0
0.554245 -0.0477431 0.099999 0 0 0 0 0 0
0.554241 -0.0455607 0.099999 0 0 0 0 0 0
0.55423 -0.0390625 0.099999 0 0 0 0 0 0
0.554226 -0.0368652 0.099999 0 0 0 0 0 0
0.554215 -0.0303819 0.099999 0 0 0 0 0 0
0.554211 -0.0281697 0.099999 0 0 0 0 0 0
0.5542 -0.0217014 0.099999 0 0 0 0 0 0
0.554196 -0.0194743 0.099999 0 0 0 0 0 0
0.554185 -0.0130208 0.099999 0 0 0 0 0 0
0.554182 -0.0107788 0.099999 0 0 0 0 0 0
0.554171 -0.00434029 0.099999 0 0 0 0 0 0
0.554167 -0.00208336 0.099999 0 0 0 0 0 0
0.554156 0.00434029 0.099999 0 0 0 0 0 0
0.554152 0.00661212 0.099999 0 0 0 0 0 0
0.554141 0.0130208 0.099999 0 0 0 0 0 0
0.554137 0.0153076 0.099999 0 0 0 0 0 0
0.554126 0.0217014 0.099999 0 0 0 0 0 0
0.554122 0.024003 0.099999 0 0 0 0 0 0
0.554111 0.0303819 0.099999 0 0 0 0 0 0
0.554107 0.0326985 0.099999 0 0 0 0 0 0
0.554096 0.0390625 0.099999 0 0 0 0 0 0
0.554092 0.041394 0.099999 0 0 0 0 0 0
0.554081 0.0477431 0.099999 0 0 0 0 0 0
0.554077 0.0500894 0.099999 0 0 0 0 0 0
0.554066 0.0564236 0.099999 0 0 0 0 0 0
0.554062 0.0587849 0.099999 0 0 0 0 0 0
0.554052 0.0651042 0.099999 0 0 0 0 0 0
0.554047 0.0674804 0.099999 0 0 0 0 0 0
0.554037 0.0737847 0.099999 0 0 0 0 0 0
0.554033 0.0761758 0.099999 0 0 0 0 0 0
0.554022 0.0824653 0.099999 0 0 0 0 0 0
0.554018 0.0848713 0.099999 0 0 0 0 0 0
0.554007 0.0911458 0.099999 0 0 0 0 0 0
0.554003 0.0935667 0.099999 0 0 0 0 0 0
0.553992 0.0998264 0.099999 0 0 0 0 0 0
0.553988 0.102262 0.099999 0 0 0 0 0 0
0.553977 0.108507 0.099999 0 0 0 0 0 0
0.553973 0.110958 0.099999 0 0 0 0 0 0
0.553962 0.117188 0.099999 0 0 0 0 0 0
0.553958 0.119653 0.099999 0 0 0 0 0 0
0.553947 0.125868 0.099999 0 0 0 0 0 0
0.553943 0.128349 0.099999 0 0 0 0 0 0
0.553932 0.134549 0.099999 0 0 0 0 0 0
0.553928 0.137044 0.099999 0 0 0 0 0 0
0.553918 0.143229 0.099999 0 0 0 0 0 0
0.553913 0.14574 0.099999 0 0 0 0 0 0
0.553903 0.15191 0.099999 0 0 0 0 0 0
0.553898 0.154435 0.099999 0 0 0 0 0 0
0.553888 0.16059 0.099999 0 0 0 0 0 0
0.553883 0.16313 0.099999 0 0 0 0 0 0
0.553873 0.169271 0.099999 0 0 0 0 0 0
0.553869 0.171826 0.099999 0 0 0 0 0 0
0.553858 0.177951 0.099999 0 0 0 0 0 0
0.553854 0.180521 0.099999 0 0 0 0 0 0
0.553843 0.186632 0.099999 0 0 0 0 0 0
0.553839 0.189217 0.099999 0 0 0 0 0 0
0.553828 0.195312 0.099999 0 0 0 0 0 0
0.553824 0.197912 0.099999 0 0 0 0 0 0
0.553813 0.203993 0.099999 0 0 0 0 0 0
0.553809 0.206608 0.099999 0 0 0 0 0 0
0.553799 0.212674 0.099999 0 0 0 0 0 0
0.553794 0.215303 0.099999 0 0 0 0 0 0
0.553784 0.221354 0.099999 0 0 0 0 0 0
0.553779 0.223999 0.099999 0 0 0 0 0 0
0.553769 0.230035 0.099999 0 0 0 0 0 0
0.553764 0.232694 0.099999 0 0 0 0 0 0
0.553754 0.238715 0.099999 0 0 0 0 0 0
0.553749 0.24139 0.099999 0 0 0 0 0 0
0.553739 0.247396 0.099999 0 0 0 0 0 0
0.553734 0.250085 0.099999 0 0 0 0 0 0
0.553724 0.256076 0.099999 0 0 0 0 0 0
0.55372 0.258781 0.099999 0 0 0 0 0 0
0.553709 0.264757 0.099999 0 0 0 0 0 0
0.553705 0.267476 0.099999 0 0 0 0 0 0
0.553694 0.273438 0.099999 0 0 0 0 0 0
0.55369 0.276171 0.099999 0 0 0 0 0 0
0.55368 0.282118 0.099999 0 0 0 0 0 0
0.553675 0.284867 0.099999 0 0 0 0 0 0
0.553665 0.290799 0.099999 0 0 0 0 0 0
0.55366 0.293562 0.099999 0 0 0 0 0 0
0.55365 0.299479 0.099999 0 0 0 0 0 0
0.553646 0.301736 0.099999 0 0 0 0 0 0
0.553646 0.301736 0.099999 0 0 0 0 0 0
0.554142 0.301761 0.099999 0 0 0 0 0 0
0.556424 0.301874 0.099999 0 0 0 0 0 0
0.562412 0.302171 0.099999 0 0 0 0 0 0
0.565104 0.302305 0.099999 0 0 0 0 0 0
0.570682 0.302581 0.099999 0 0 0 0 0 0
0.573785 0.302735 0.099999 0 0 0 0 0 0
0.578953 0.302992 0.099999 0 0 0 0 0 0
0.582465 0.303166 0.099999 0 0 0 0 0 0
0.587223 0.303402 0.099999 0 0 0 0 0 0
0.591146 0.303597 0.099999 0 0 0 0 0 0
0.595493 0.303812 0.099999 0 0 0 0 0 0
0.599826 0.304028 0.099999 0 0 0 0 0 0
0.603763 0.304223 0.099999 0 0 0 0 0 0
0.608507 0.304458 0.099999 0 0 0 0 0 0
0.612033 0.304633 0.099999 0 0 0 0 0 0
0.617188 0.304889 0.099999 0 0 0 0 0 0
0.620304 0.305044 0.099999 0 0 0 0 0 0
0.625868 0.30532 0.099999 0 0 0 0 0 0
0.628574 0.305454 0.099999 0 0 0 0 0 0
0.634549 0.30575 0.099999 0 0 0 0 0 0
0.636844 0.305864 0.099999 0 0 0 0 0 0
0.643229 0.306181 0.099999 0 0 0 0 0 0
0.644618 0.30625 0.099999 0 0 0 0 0 0
0.644618 0.30625 0.099999 0 0 0 0 0 0
0.64463 0.299479 0.099999 0 0 0 0 0 0
0.644632 0.298076 0.099999 0 0 0 0 0 0
0.644645 0.290799 0.099999 0 0 0 0 0 0
0.644647 0.289381 0.099999 0 0 0 0 0 0
0.644659 0.282118 0.099999 0 0 0 0 0 0
0.644662 0.280685 0.099999 0 0 0 0 0 0
0.644674 0.273438 0.099999 0 0 0 0 0 0
0.644677 0.27199 0.099999 0 0 0 0 0 0
0.644689 0.264757 0.099999 0 0 0 0 0 0
0.644692 0.263294 0.099999 0 0 0 0 0 0
0.644704 0.256076 0.099999 0 0 0 0 0 0
0.644707 0.254599 0.099999 0 0 0 0 0 0
0.644719 0.247396 0.099999 0 0 0 0 0 0
0.644722 0.245904 0.099999 0 0 0 0 0 0
0.644734 0.238715 0.099999 0 0 0 0 0 0
0.644736 0.237208 0.099999 0 0 0 0 0 0
0.644749 0.230035 0.099999 0 0 0 0 0 0
0.644751 0.228513 0.099999 0 0 0 0 0 0
0.644764 0.221354 0.099999 0 0 0 0 0 0
0.644766 0.219817 0.099999 0 0 0 0 0 0
0.644778 0.212674 0.099999 0 0 0 0 0 0
0.644781 0.211122 0.099999 0 0 0 0 0 0
0.644793 0.203993 0.099999 0 0 0 0 0 0
0.644796 0.202426 0.099999 0 0 0 0 0 0
0.644808 0.195312 0.099999 0 0 0 0 0 0
0.644811 0.193731 0.099999 0 0 0 0 0 0
0.644823 0.186632 0.099999 0 0 0 0 0 0
0.644826 0.185035 0.099999 0 0 0 0 0 0
0.644838 0.177951 0.099999 0 0 0 0 0 0
0.644841 0.17634 0.099999 0 0 0 0 0 0
0.644853 0.169271 0.099999 0 0 0 0 0 0
0.644856 0.167644 0.099999 0 0 0 0 0 0
0.644868 0.16059 0.099999 0 0 0 0 0 0
0.644871 0.158949 0.099999 0 0 0 0 0 0
0.644883 0.15191 0.099999 0 0 0 0 0 0
0.644885 0.150253 0.099999 0 0 0 0 0 0
0.644898 0.143229 0.099999 0 0 0 0 0 0
0.6449 0.141558 0.099999 0 0 0 0 0 0
0.644912 0.134549 0.099999 0 0 0 0 0 0
0.644915 0.132862 0.099999 0 0 0 0 0 0
0.644927 0.125868 0.099999 0 0 0 0 0 0
0.64493 0.124167 0.099999 0 0 0 0 0 0
0.644942 0.117188 0.099999 0 0 0 0 0 0
0.644945 0.115472 0.099999 0 0 0 0 0 0
0.644957 0.108507 0.099999 0 0 0 0 0 0
0.64496 0.106776 0.099999 0 0 0 0 0 0
0.644972 0.0998264 0.099999 0 0 0 0 0 0
0.644975 0.0980806 0.099999 0 0 0 0 0 0
0.644987 0.0911458 0.099999 0 0 0 0 0 0
0.64499 0.0893852 0.099999 0 0 0 0 0 0
0.645002 0.0824653 0.099999 0 0 0 0 0 0
0.645005 0.0806897 0.099999 0 0 0 0 0 0
0.645017 0.0737847 0.099999 0 0 0 0 0 0
0.64502 0.0719942 0.099999 0 0 0 0 0 0
0.645031 0.0651042 0.099999 0 0 0 0 0 0
0.645035 0.0632988 0.099999 0 0 0 0 0 0
0.645046 0.0564236 0.099999 0 0 0 0 0 0
0.645049 0.0546033 0.099999 0 0 0 0 0 0
0.645061 0.0477431 0.099999 0 0 0 0 0 0
0.645064 0.0459079 0.099999 0 0 0 0 0 0
0.645076 0.0390625 0.099999 0 0 0 0 0 0
0.645079 0.0372124 0.099999 0 0 0 0 0 0
0.645091 0.0303819 0.099999 0 0 0 0 0 0
0.645094 0.0285169 0.099999 0 0 0 0 0 0
0.645106 0.0217014 0.099999 0 0 0 0 0 0
0.645109 0.0198215 0.099999 0 0 0 0 0 0
0.645121 0.0130208 0.099999 0 0 0 0 0 0
0.645124 0.011126 0.099999 0 0 0 0 0 0
0.645136 0.00434029 0.099999 0 0 0 0 0 0
0.645139 0.00243057 0.099999 0 0 0 0 0 0
0.645151 -0.00434029 0.099999 0 0 0 0 0 0
0.645154 -0.00626491 0.099999 0 0 0 0 0 0
0.645165 -0.0130208 0.099999 0 0 0 0 0 0
0.645169 -0.0149603 0.099999 0 0 0 0 0 0
0.64518 -0.0217014 0.099999 0 0 0 0 0 0
0.645184 -0.0236558 0.099999 0 0 0 0 0 0
0.645195 -0.0303819 0.099999 0 0 0 0 0 0
0.645199 -0.0323513 0.099999 0 0 0 0 0 0
0.64521 -0.0390625 0.099999 0 0 0 0 0 0
0.645213 -0.0410468 0.099999 0 0 0 0 0 0
0.645225 -0.0477431 0.099999 0 0 0 0 0 0
0.645228 -0.0497422 0.099999 0 0 0 0 0 0
0.64524 -0.0564236 0.099999 0 0 0 0 0 0
0.645243 -0.0584377 0.099999 0 0 0 0 0 0
0.645255 -0.0651042 0.099999 0 0 0 0 0 0
0.645258 -0.0671331 0.099999 0 0 0 0 0 0
0.64527 -0.0737847 0.099999 0 0 0 0 0 0
0.645273 -0.0758286 0.099999 0 0 0 0 0 0
0.645284 -0.0824653 0.099999 0 0 0 0 0 0
0.645288 -0.0845241 0.099999 0 0 0 0 0 0
0.645299 -0.0911458 0.099999 0 0 0 0 0 0
0.645303 -0.0932195 0.099999 0 0 0 0 0 0
0.645314 -0.0998264 0.099999 0 0 0 0 0 0
0.645318 -0.101915 0.099999 0 0 0 0 0 0
0.645329 -0.108507 0.099999 0 0 0 0 0 0
0.645333 -0.11061 0.099999 0 0 0 0 0 0
0.645344 -0.117188 0.099999 0 0 0 0 0 0
0.645348 -0.119306 0.099999 0 0 0 0 0 0
0.645359 -0.125868 0.099999 0 0 0 0 0 0
0.645362 -0.128001 0.099999 0 0 0 0 0 0
0.645374 -0.134549 0.099999 0 0 0 0 0 0
0.645377 -0.136697 0.099999 0 0 0 0 0 0
0.645389 -0.143229 0.099999 0 0 0 0 0 0
0.645392 -0.145392 0.099999 0 0 0 0 0 0
0.645403 -0.15191 0.099999 0 0 0 0 0 0
0.645407 -0.154088 0.099999 0 0 0 0 0 0
0.645418 -0.16059 0.099999 0 0 0 0 0 0
0.645422 -0.162783 0.099999 0 0 0 0 0 0
0.645433 -0.169271 0.099999 0 0 0 0 0 0
0.645437 -0.171479 0.099999 0 0 0 0 0 0
0.645448 -0.177951 0.099999 0 0 0 0 0 0
0.645452 -0.180174 0.099999 0 0 0 0 0 0
0.645463 -0.186632 0.099999 0 0 0 0 0 0
0.645467 -0.18887 0.099999 0 0 0 0 0 0
0.645478 -0.195312 0.099999 0 0 0 0 0 0
0.645482 -0.197565 0.099999 0 0 0 0 0 0
0.645493 -0.203993 0.099999 0 0 0 0 0 0
0.645497 -0.206261 0.099999 0 0 0 0 0 0
0.645508 -0.212674 0.099999 0 0 0 0 0 0
0.645512 -0.214956 0.099999 0 0 0 0 0 0
0.645523 -0.221354 0.099999 0 0 0 0 0 0
0.645526 -0.223651 0.099999 0 0 0 0 0 0
0.645537 -0.230035 0.099999 0 0 0 0 0 0
0.645541 -0.232347 0.099999 0 0 0 0 0 0
0.645552 -0.238715 0.099999 0 0 0 0 0 0
0.645556 -0.241042 0.099999 0 0 0 0 0 0
0.645567 -0.247396 0.099999 0 0 0 0 0 0
0.645571 -0.249738 0.099999 0 0 0 0 0 0
0.645582 -0.256076 0.099999 0 0 0 0 0 0
0.645586 -0.258433 0.099999 0 0 0 0 0 0
0.645597 -0.264757 0.099999 0 0 0 0 0 0
0.645601 -0.267129 0.099999 0 0 0 0 0 0
0.645612 -0.273438 0.099999 0 0 0 0 0 0
0.645616 -0.275824 0.099999 0 0 0 0 0 0
0.645627 -0.282118 0.099999 0 0 0 0 0 0
0.645631 -0.28452 0.099999 0 0 0 0 0 0
0.645642 -0.290799 0.099999 0 0 0 0 0 0
0.645646 -0.293215 0.099999 0 0 0 0 0 0
0.645656 -0.299479 0.099999 0 0 0 0 0 0
0.64566 -0.301389 0.099999 0 0 0 0 0 0
