0.562273 -0.184468 0.065472 0.075519 0.000000 0.000000
0.711667 0.437234 0.123984 -0.226558 0.000000 0.000000
0.635000 -0.312517 0.065244 -0.075519 0.000000 0.000000
0.360385 0.020436 0.111605 0.302077 0.000000 0.000000
0.403571 -0.384962 0.074609 -0.151039 0.000000 0.000000
0.655000 0.479345 0.111674 -0.302077 0.000000 0.000000
0.269286 0.085305 0.129180 0.226558 0.000000 0.000000
0.656818 0.299923 0.145738 -0.075519 0.000000 0.000000
0.642273 -0.224091 0.062641 0.000000 -0.000000 0.000000
0.465000 0.289923 0.146494 -0.075519 0.000000 0.000000
0.398333 0.206845 0.146250 0.075519 0.000000 0.000000
0.395000 0.134248 0.138430 0.151039 0.000000 0.000000
0.365000 0.454909 0.119288 -0.302077 0.000000 0.000000
0.475000 -0.086123 0.080894 0.226558 0.000000 0.000000
0.488636 -0.114843 0.074639 0.151039 0.000000 0.000000
0.500385 0.183084 0.144452 0.075519 0.000000 0.000000
0.730000 0.320377 0.144190 -0.075519 0.000000 0.000000
0.654091 -0.162116 0.067444 0.151039 0.000000 0.000000
0.583182 0.179168 0.144156 0.075519 0.000000 0.000000
0.735000 -0.294623 0.063890 -0.075519 0.000000 0.000000
0.375000 0.051846 0.121393 0.302077 0.000000 0.000000
0.352143 0.290377 0.146460 -0.075519 0.000000 0.000000
0.554444 -0.442766 0.087553 -0.226558 0.000000 0.000000
0.270000 0.233000 0.147359 0.000000 0.000000 0.000000
0.278077 -0.486589 0.101058 -0.302077 0.000000 0.000000
0.504500 0.480988 0.111162 -0.302077 0.000000 0.000000
0.493000 -0.042488 0.091997 0.302077 0.000000 0.000000
0.689211 -0.095070 0.078832 0.226558 0.000000 0.000000
0.565909 0.220986 0.147320 0.075519 0.000000 0.000000
0.497308 0.024282 0.112804 0.302077 0.000000 0.000000
0.486333 0.221289 0.147343 0.075519 0.000000 0.000000
0.379667 -0.407210 0.079357 -0.226558 0.000000 0.000000
0.268125 0.047887 0.120160 0.302077 0.000000 0.000000
0.345909 0.050785 0.121063 0.302077 0.000000 0.000000
0.577778 0.444456 0.122319 -0.226558 0.000000 0.000000
0.375625 -0.483512 0.100099 -0.302077 0.000000 0.000000
0.436250 -0.055238 0.088024 0.302077 0.000000 0.000000
0.267308 0.131940 0.138078 0.151039 0.000000 0.000000
0.692143 0.038512 0.117238 0.302077 0.000000 0.000000
0.312000 -0.405877 0.079050 -0.226558 0.000000 0.000000
0.392692 0.086185 0.129382 0.226558 0.000000 0.000000
0.668636 -0.283714 0.063064 -0.075519 0.000000 0.000000
0.501364 -0.303714 0.064578 -0.075519 0.000000 0.000000
0.675000 0.390752 0.134625 -0.151039 0.000000 0.000000
0.590882 -0.281682 0.062911 -0.075519 0.000000 0.000000
0.606111 -0.049821 0.089712 0.302077 0.000000 0.000000
0.299545 0.243182 0.147359 0.000000 0.000000 0.000000
0.521667 0.212123 0.146649 0.075519 0.000000 0.000000
0.488571 0.061734 0.123746 0.226558 0.000000 0.000000
0.688636 0.316286 0.144500 -0.075519 0.000000 0.000000
0.435000 -0.031488 0.095425 0.302077 0.000000 0.000000
0.543889 0.125359 0.137077 0.151039 0.000000 0.000000
0.291667 0.316488 0.144484 -0.075519 0.000000 0.000000
0.456176 0.169329 0.143411 0.075519 0.000000 0.000000
0.423000 0.124914 0.137009 0.151039 0.000000 0.000000
0.308125 -0.077998 0.082767 0.226558 0.000000 0.000000
0.656250 0.038512 0.117238 0.302077 0.000000 0.000000
0.455667 -0.123086 0.073384 0.151039 0.000000 0.000000
0.735000 0.260000 0.147359 0.000000 -0.000000 0.000000
0.538636 -0.110298 0.075331 0.151039 0.000000 0.000000
0.556000 -0.028488 0.096360 0.302077 0.000000 0.000000
0.553571 0.267857 0.147359 0.000000 -0.000000 0.000000
0.596000 -0.007488 0.102904 0.302077 0.000000 0.000000
0.311154 -0.157291 0.068178 0.151039 0.000000 0.000000
0.465833 0.333711 0.143181 -0.075519 0.000000 0.000000
0.370000 -0.120752 0.073740 0.151039 0.000000 0.000000
0.433947 0.355226 0.140032 -0.151039 0.000000 0.000000
0.293889 0.278711 0.147343 -0.075519 0.000000 0.000000
0.736667 -0.028154 0.096464 0.302077 0.000000 0.000000
0.347500 0.214623 0.146838 0.075519 0.000000 0.000000
0.591429 -0.461370 0.093199 -0.302077 0.000000 0.000000
0.408333 -0.120752 0.073740 0.151039 0.000000 0.000000
0.692857 0.347895 0.141147 -0.151039 0.000000 0.000000
0.576000 0.081877 0.128389 0.226558 0.000000 0.000000
0.309375 0.038512 0.117238 0.302077 0.000000 0.000000
0.675769 0.179238 0.144161 0.075519 0.000000 0.000000
0.728333 0.145676 0.140169 0.151039 0.000000 0.000000
0.730789 0.094930 0.131398 0.226558 0.000000 0.000000
0.546250 -0.077373 0.082911 0.226558 0.000000 0.000000
0.343333 -0.314623 0.065403 -0.075519 0.000000 0.000000
0.367222 -0.189822 0.065067 0.075519 0.000000 0.000000
0.695000 -0.183377 0.065554 0.075519 0.000000 0.000000
0.522143 -0.066123 0.085504 0.226558 0.000000 0.000000
0.341667 0.482043 0.110833 -0.302077 0.000000 0.000000
0.681000 -0.145086 0.070036 0.151039 0.000000 0.000000
0.579545 -0.064305 0.085924 0.226558 0.000000 0.000000
0.515000 -0.134086 0.071710 0.151039 0.000000 0.000000
0.428333 0.075877 0.127006 0.226558 0.000000 0.000000
0.465000 0.436711 0.124104 -0.226558 0.000000 0.000000
0.377500 0.393623 0.134037 -0.226558 0.000000 0.000000
0.270000 -0.096123 0.078589 0.226558 0.000000 0.000000
0.696111 -0.239444 0.062641 0.000000 -0.000000 0.000000
0.489737 0.397176 0.133218 -0.226558 0.000000 0.000000
0.528636 -0.001942 0.104632 0.302077 0.000000 0.000000
0.425833 0.192956 0.145199 0.075519 0.000000 0.000000
0.618000 -0.440877 0.087118 -0.226558 0.000000 0.000000
0.267857 0.372181 0.137451 -0.151039 0.000000 0.000000
0.438000 -0.179377 0.065857 0.075519 0.000000 0.000000
0.268125 -0.020863 0.098736 0.302077 0.000000 0.000000
0.313889 -0.297956 0.064142 -0.075519 0.000000 0.000000
0.731000 -0.072123 0.084121 0.226558 0.000000 0.000000
0.557500 0.356252 0.139875 -0.151039 0.000000 0.000000
0.437143 0.316092 0.144514 -0.075519 0.000000 0.000000
0.509000 -0.024488 0.097606 0.302077 0.000000 0.000000
0.666250 0.273750 0.147359 0.000000 -0.000000 0.000000
0.405000 -0.053630 0.088525 0.302077 0.000000 0.000000
0.562500 -0.129919 0.072344 0.151039 0.000000 0.000000
0.581667 0.041290 0.118104 0.302077 0.000000 0.000000
0.414500 -0.293623 0.063814 -0.075519 0.000000 0.000000
0.481154 -0.197685 0.064472 0.075519 0.000000 0.000000
0.650833 0.217123 0.147028 0.075519 0.000000 0.000000
0.730000 0.285377 0.146838 -0.075519 0.000000 0.000000
0.333000 -0.453512 0.090751 -0.302077 0.000000 0.000000
0.713750 0.215873 0.146933 0.075519 0.000000 0.000000
0.258333 0.310377 0.144947 -0.075519 0.000000 0.000000
0.618636 -0.080669 0.082151 0.226558 0.000000 0.000000
0.655000 -0.438877 0.086657 -0.226558 0.000000 0.000000
0.308636 0.173714 0.143743 0.075519 0.000000 0.000000
0.478571 -0.242857 0.062641 0.000000 -0.000000 0.000000
0.670385 0.149632 0.140771 0.151039 0.000000 0.000000
0.267308 -0.129598 0.072393 0.151039 0.000000 0.000000
0.572692 0.146555 0.140303 0.151039 0.000000 0.000000
0.631429 -0.272143 0.062641 0.000000 0.000000 0.000000
0.487000 -0.020488 0.098853 0.302077 0.000000 0.000000
0.615000 0.021512 0.111941 0.302077 0.000000 0.000000
0.363000 0.135248 0.138582 0.151039 0.000000 0.000000
0.363667 -0.288623 0.063436 -0.075519 0.000000 0.000000
0.433667 0.449821 0.120874 -0.302077 0.000000 0.000000
0.333889 -0.198711 0.064394 0.075519 0.000000 0.000000
0.410455 -0.189014 0.065128 0.075519 0.000000 0.000000
0.734167 -0.248333 0.062641 0.000000 -0.000000 0.000000
0.517500 -0.425377 0.083545 -0.226558 0.000000 0.000000
0.418000 -0.079123 0.082508 0.226558 0.000000 0.000000
0.389167 0.281211 0.147154 -0.075519 0.000000 0.000000
0.736538 0.194623 0.145325 0.075519 0.000000 0.000000
0.470000 -0.324623 0.066160 -0.075519 0.000000 0.000000
0.736250 -0.375498 0.073169 -0.151039 0.000000 0.000000
0.499000 -0.164419 0.067094 0.151039 0.000000 0.000000
0.525714 0.288949 0.146568 -0.075519 0.000000 0.000000
0.716818 0.003058 0.106190 0.302077 0.000000 0.000000
0.620000 0.454345 0.119464 -0.302077 0.000000 0.000000
0.526667 0.149248 0.140713 0.151039 0.000000 0.000000
0.457857 0.127819 0.137451 0.151039 0.000000 0.000000
0.696111 0.266111 0.147359 0.000000 -0.000000 0.000000
0.449615 0.259615 0.147359 0.000000 -0.000000 0.000000
0.720833 -0.154086 0.068666 0.151039 0.000000 0.000000
0.276875 -0.240000 0.062641 0.000000 0.000000 0.000000
0.463571 -0.063266 0.086163 0.226558 0.000000 0.000000
0.495000 -0.001488 0.104774 0.302077 0.000000 0.000000
0.718750 -0.359248 0.070696 -0.151039 0.000000 0.000000
0.378636 -0.067032 0.085295 0.226558 0.000000 0.000000
0.648333 0.123137 0.136739 0.151039 0.000000 0.000000
0.589615 -0.375786 0.073213 -0.151039 0.000000 0.000000
0.621923 -0.352709 0.069700 -0.151039 0.000000 0.000000
0.583571 -0.313908 0.065349 -0.075519 0.000000 0.000000
0.735000 -0.215377 0.063133 0.075519 0.000000 0.000000
0.406667 0.450654 0.120614 -0.302077 0.000000 0.000000
0.447174 -0.480034 0.099016 -0.302077 0.000000 0.000000
0.383947 -0.328833 0.066478 -0.075519 0.000000 0.000000
0.279286 -0.341391 0.067978 -0.151039 0.000000 0.000000
0.341364 -0.037397 0.093584 0.302077 0.000000 0.000000
0.697222 -0.482401 0.099753 -0.302077 0.000000 0.000000
0.670789 -0.047540 0.090423 0.302077 0.000000 0.000000
0.302143 -0.344248 0.068413 -0.151039 0.000000 0.000000
0.537222 -0.240000 0.062641 0.000000 -0.000000 0.000000
0.495000 0.290377 0.146460 -0.075519 0.000000 0.000000
0.536818 -0.326441 0.066297 -0.075519 0.000000 0.000000
0.581154 0.115786 0.135620 0.151039 0.000000 0.000000
0.388333 -0.095012 0.078845 0.226558 0.000000 0.000000
0.732500 -0.106956 0.076092 0.226558 0.000000 0.000000
0.495000 0.325377 0.143812 -0.075519 0.000000 0.000000
0.557857 -0.344248 0.068413 -0.151039 0.000000 0.000000
0.541957 0.403080 0.131857 -0.226558 0.000000 0.000000
0.344333 0.404790 0.131463 -0.226558 0.000000 0.000000
0.270000 0.169623 0.143434 0.075519 0.000000 0.000000
0.465000 -0.441496 0.087261 -0.226558 0.000000 0.000000
0.609615 0.166161 0.143172 0.075519 0.000000 0.000000
0.662000 0.097877 0.132078 0.226558 0.000000 0.000000
0.628636 0.274091 0.147359 0.000000 -0.000000 0.000000
0.316667 -0.270000 0.062641 0.000000 0.000000 0.000000
0.694167 0.458988 0.118017 -0.302077 0.000000 0.000000
0.643000 0.396123 0.133461 -0.226558 0.000000 0.000000
0.698636 -0.385157 0.074639 -0.151039 0.000000 0.000000
0.508846 -0.212300 0.063366 0.075519 0.000000 0.000000
0.730000 -0.448512 0.089193 -0.302077 0.000000 0.000000
0.268333 0.336863 0.142826 -0.151039 0.000000 0.000000
0.271471 0.411417 0.129935 -0.226558 0.000000 0.000000
0.264091 0.482851 0.110581 -0.302077 0.000000 0.000000
0.368333 0.103044 0.133269 0.226558 0.000000 0.000000
0.375000 0.164248 0.142996 0.151039 0.000000 0.000000
0.346000 0.166623 0.143207 0.075519 0.000000 0.000000
0.538333 0.073877 0.126545 0.226558 0.000000 0.000000
0.272143 0.447916 0.121467 -0.302077 0.000000 0.000000
0.538000 0.101877 0.133000 0.226558 0.000000 0.000000
0.341364 -0.140298 0.070765 0.151039 0.000000 0.000000
0.583750 0.014762 0.109837 0.302077 0.000000 0.000000
0.264091 -0.457149 0.091884 -0.302077 0.000000 0.000000
0.402692 0.237308 0.147359 0.000000 0.000000 0.000000
0.706818 0.181895 0.144362 0.075519 0.000000 0.000000
0.511667 -0.093901 0.079101 0.226558 0.000000 0.000000
0.650833 0.338252 0.142615 -0.151039 0.000000 0.000000
0.590385 0.273462 0.147359 0.000000 -0.000000 0.000000
0.538846 -0.161906 0.067476 0.151039 0.000000 0.000000
0.345000 -0.393877 0.076284 -0.226558 0.000000 0.000000
0.521154 -0.380402 0.073915 -0.151039 0.000000 0.000000
0.263750 -0.305873 0.064741 -0.075519 0.000000 0.000000
0.662500 -0.192877 0.064836 0.075519 0.000000 0.000000
0.705667 -0.045154 0.091166 0.302077 0.000000 0.000000
0.667857 0.431123 0.125393 -0.226558 0.000000 0.000000
0.267000 -0.203377 0.064041 0.075519 0.000000 0.000000
0.430417 0.396540 0.133365 -0.226558 0.000000 0.000000
0.408333 0.167956 0.143307 0.075519 0.000000 0.000000
0.335625 0.362627 0.138905 -0.151039 0.000000 0.000000
0.573182 -0.092487 0.079427 0.226558 0.000000 0.000000
0.617727 -0.486240 0.100949 -0.302077 0.000000 0.000000
0.420000 0.287252 0.146697 -0.075519 0.000000 0.000000
0.668636 -0.255909 0.062641 0.000000 -0.000000 0.000000
0.660000 -0.349248 0.069174 -0.151039 0.000000 0.000000
0.318333 0.302877 0.145514 -0.075519 0.000000 0.000000
0.638333 0.189623 0.144947 0.075519 0.000000 0.000000
0.679167 -0.310456 0.065088 -0.075519 0.000000 0.000000
0.355000 -0.230000 0.062641 0.000000 -0.000000 0.000000
0.546600 0.470888 0.114309 -0.302077 0.000000 0.000000
0.578889 -0.242778 0.062641 0.000000 -0.000000 0.000000
0.559000 0.199623 0.145703 0.075519 0.000000 0.000000
0.294091 -0.380611 0.073947 -0.151039 0.000000 0.000000
0.568529 0.310083 0.144969 -0.075519 0.000000 0.000000
0.560000 -0.401020 0.077930 -0.226558 0.000000 0.000000
0.672333 0.000179 0.105293 0.302077 0.000000 0.000000
0.637222 -0.463512 0.093867 -0.302077 0.000000 0.000000
0.406333 0.044179 0.119004 0.302077 0.000000 0.000000
0.600625 0.349502 0.140903 -0.151039 0.000000 0.000000
0.698636 -0.414786 0.081104 -0.226558 0.000000 0.000000
0.701364 -0.214468 0.063202 0.075519 0.000000 0.000000
0.321667 0.266111 0.147359 0.000000 0.000000 0.000000
0.291429 0.106020 0.133955 0.226558 0.000000 0.000000
0.585000 -0.198949 0.064376 0.075519 0.000000 0.000000
0.331667 0.125081 0.137034 0.151039 0.000000 0.000000
0.545000 -0.051488 0.089193 0.302077 0.000000 0.000000
0.733125 0.363877 0.138715 -0.151039 0.000000 0.000000
0.448333 -0.212711 0.063335 0.075519 0.000000 0.000000
0.378333 0.256111 0.147359 0.000000 0.000000 0.000000
0.490000 0.147105 0.140386 0.151039 0.000000 0.000000
0.582000 0.242000 0.147359 0.000000 -0.000000 0.000000
0.306333 -0.120419 0.073790 0.151039 0.000000 0.000000
0.440833 0.234167 0.147359 0.000000 0.000000 0.000000
0.308846 0.210007 0.146489 0.075519 0.000000 0.000000
0.601471 -0.115164 0.074590 0.151039 0.000000 0.000000
0.660000 -0.485512 0.100723 -0.302077 0.000000 0.000000
0.456667 0.483154 0.110487 -0.302077 0.000000 0.000000
0.455000 0.204623 0.146082 0.075519 0.000000 0.000000
0.541923 -0.275000 0.062641 0.000000 0.000000 0.000000
0.363750 0.233750 0.147359 0.000000 0.000000 0.000000
0.371000 -0.213377 0.063284 0.075519 0.000000 0.000000
0.406250 -0.027738 0.096594 0.302077 0.000000 0.000000
0.493571 0.363371 0.138792 -0.151039 0.000000 0.000000
0.272778 -0.060012 0.086913 0.226558 0.000000 0.000000
0.619000 -0.199377 0.064344 0.075519 0.000000 0.000000
0.538333 -0.202044 0.064142 0.075519 0.000000 0.000000
0.424474 -0.422298 0.082835 -0.226558 0.000000 0.000000
0.265000 -0.269545 0.062641 0.000000 0.000000 0.000000
0.615833 -0.241667 0.062641 0.000000 -0.000000 0.000000
0.330000 -0.337248 0.067347 -0.151039 0.000000 0.000000
0.303333 -0.434710 0.085696 -0.226558 0.000000 0.000000
0.309375 -0.023988 0.097762 0.302077 0.000000 0.000000
0.286250 -0.285873 0.063228 -0.075519 0.000000 0.000000
0.685000 0.216623 0.146990 0.075519 0.000000 0.000000
0.387000 0.422123 0.127467 -0.226558 0.000000 0.000000
0.408750 -0.243750 0.062641 0.000000 0.000000 0.000000
0.666250 0.065127 0.124528 0.226558 0.000000 0.000000
0.555833 0.011846 0.108928 0.302077 0.000000 0.000000
0.341667 -0.422766 0.082943 -0.226558 0.000000 0.000000
0.451667 -0.382581 0.074247 -0.151039 0.000000 0.000000
0.709545 0.383934 0.135662 -0.151039 0.000000 0.000000
0.432500 -0.008988 0.102436 0.302077 0.000000 0.000000
0.604091 0.309014 0.145050 -0.075519 0.000000 0.000000
0.269000 -0.417877 0.081816 -0.226558 0.000000 0.000000
0.605000 0.085877 0.129311 0.226558 0.000000 0.000000
0.626538 0.371137 0.137610 -0.151039 0.000000 0.000000
0.663750 0.364502 0.138620 -0.151039 0.000000 0.000000
0.563667 -0.482846 0.099892 -0.302077 0.000000 0.000000
0.428333 0.018512 0.111006 0.302077 0.000000 0.000000
0.270385 -0.161906 0.067476 0.151039 0.000000 0.000000
0.490000 0.255000 0.147359 0.000000 -0.000000 0.000000
0.635000 -0.421020 0.082541 -0.226558 0.000000 0.000000
0.335909 -0.251364 0.062641 0.000000 0.000000 0.000000
0.385000 0.322044 0.144064 -0.075519 0.000000 0.000000
0.525000 -0.036488 0.093867 0.302077 0.000000 0.000000
0.635909 -0.050124 0.089618 0.302077 0.000000 0.000000
0.701923 0.487257 0.109208 -0.302077 0.000000 0.000000
0.300000 -0.188234 0.065187 0.075519 0.000000 0.000000
0.331364 -0.484422 0.100383 -0.302077 0.000000 0.000000
0.646176 -0.119870 0.073874 0.151039 0.000000 0.000000
0.590000 -0.341748 0.068032 -0.151039 0.000000 0.000000
0.596250 -0.413877 0.080894 -0.226558 0.000000 0.000000
0.731111 0.045735 0.119489 0.302077 0.000000 0.000000
0.736250 0.471488 0.114122 -0.302077 0.000000 0.000000
0.695000 0.078877 0.127698 0.226558 0.000000 0.000000
0.633182 0.148793 0.140643 0.151039 0.000000 0.000000
0.462143 -0.159324 0.067869 0.151039 0.000000 0.000000
0.559444 0.057210 0.122703 0.226558 0.000000 0.000000
0.340455 0.248636 0.147359 0.000000 0.000000 0.000000
0.635000 0.085877 0.129311 0.226558 0.000000 0.000000
0.629545 0.314468 0.144637 -0.075519 0.000000 0.000000
0.606250 0.055127 0.122223 0.226558 0.000000 0.000000
0.459375 -0.287123 0.063322 -0.075519 0.000000 0.000000
0.457143 0.091020 0.130497 0.226558 0.000000 0.000000
0.462500 0.000179 0.105293 0.302077 0.000000 0.000000
0.260000 -0.339248 0.067652 -0.151039 0.000000 0.000000
0.693750 0.121123 0.136432 0.151039 0.000000 0.000000
0.528750 0.331002 0.143386 -0.075519 0.000000 0.000000
0.416538 -0.358863 0.070637 -0.151039 0.000000 0.000000
0.528846 0.039666 0.117598 0.302077 0.000000 0.000000
0.608571 0.213908 0.146784 0.075519 0.000000 0.000000
0.440455 -0.094305 0.079008 0.226558 0.000000 0.000000
0.667857 -0.226429 0.062641 0.000000 -0.000000 0.000000
0.718333 -0.128252 0.072598 0.151039 0.000000 0.000000
0.457500 0.042887 0.118601 0.302077 0.000000 0.000000
0.333750 0.193373 0.145231 0.075519 0.000000 0.000000
0.633750 0.055127 0.122223 0.226558 0.000000 0.000000
0.733462 -0.408492 0.079653 -0.226558 0.000000 0.000000
0.342692 0.329223 0.143521 -0.075519 0.000000 0.000000
0.605769 0.412277 0.129737 -0.226558 0.000000 0.000000
0.665000 -0.384248 0.074500 -0.151039 0.000000 0.000000
0.708846 -0.271154 0.062641 0.000000 -0.000000 0.000000
0.293750 -0.315873 0.065498 -0.075519 0.000000 0.000000
0.298846 0.350368 0.140771 -0.151039 0.000000 0.000000
0.736538 0.416123 0.128850 -0.226558 0.000000 0.000000
0.300455 -0.465331 0.094434 -0.302077 0.000000 0.000000
0.350000 -0.170377 0.066538 0.075519 0.000000 0.000000
0.544000 -0.300623 0.064344 -0.075519 0.000000 0.000000
0.465000 -0.036488 0.093867 0.302077 0.000000 0.000000
0.636000 0.428123 0.126084 -0.226558 0.000000 0.000000
0.368333 -0.444846 0.088050 -0.302077 0.000000 0.000000
0.708333 -0.317123 0.065592 -0.075519 0.000000 0.000000
0.341429 -0.002916 0.104328 0.302077 0.000000 0.000000
0.641000 0.015512 0.110071 0.302077 0.000000 0.000000
0.264000 0.263000 0.147359 0.000000 0.000000 0.000000
0.496250 -0.064873 0.085793 0.226558 0.000000 0.000000
0.265000 -0.379248 0.073740 -0.151039 0.000000 0.000000
0.420000 -0.150752 0.069174 0.151039 0.000000 0.000000
0.400000 0.487738 0.109058 -0.302077 0.000000 0.000000
0.621364 0.245909 0.147359 0.000000 -0.000000 0.000000
0.486176 -0.403877 0.078589 -0.226558 0.000000 0.000000
0.270714 0.292520 0.146298 -0.075519 0.000000 0.000000
0.742143 -0.173949 0.066268 0.075519 0.000000 0.000000
0.696429 0.292520 0.146298 -0.075519 0.000000 0.000000
0.730000 -0.483512 0.100099 -0.302077 0.000000 0.000000
0.386053 0.359963 0.139311 -0.151039 0.000000 0.000000
0.434375 -0.332123 0.066727 -0.075519 0.000000 0.000000
0.374000 -0.034488 0.094490 0.302077 0.000000 0.000000
0.308333 0.143414 0.139825 0.151039 0.000000 0.000000
0.282778 0.011846 0.108928 0.302077 0.000000 0.000000
0.508846 -0.339632 0.067710 -0.151039 0.000000 0.000000
0.321364 -0.368793 0.072148 -0.151039 0.000000 0.000000
0.311154 -0.224231 0.062641 0.000000 -0.000000 0.000000
0.692000 -0.441877 0.087349 -0.226558 0.000000 0.000000
0.501250 -0.269375 0.062641 0.000000 0.000000 0.000000
0.361875 -0.362998 0.071266 -0.151039 0.000000 0.000000
0.586111 -0.030932 0.095598 0.302077 0.000000 0.000000
0.381923 -0.154983 0.068530 0.151039 0.000000 0.000000
0.510556 0.081655 0.128338 0.226558 0.000000 0.000000
0.395833 -0.212044 0.063385 0.075519 0.000000 0.000000
0.510000 -0.474941 0.097428 -0.302077 0.000000 0.000000
0.583182 -0.153934 0.068689 0.151039 0.000000 0.000000
0.528333 0.245833 0.147359 0.000000 0.000000 0.000000
0.441667 -0.253000 0.062641 0.000000 0.000000 0.000000
0.651364 -0.087032 0.080685 0.226558 0.000000 0.000000
0.661364 0.245909 0.147359 0.000000 -0.000000 0.000000
0.344333 -0.098790 0.077974 0.226558 0.000000 0.000000
0.307857 0.390752 0.134625 -0.151039 0.000000 0.000000
0.316579 0.434544 0.124604 -0.226558 0.000000 0.000000
0.723750 -0.186627 0.065308 0.075519 0.000000 0.000000
0.736250 0.236250 0.147359 0.000000 -0.000000 0.000000
0.378077 -0.261923 0.062641 0.000000 0.000000 0.000000
0.736000 -0.336248 0.067195 -0.151039 0.000000 0.000000
0.341364 -0.065214 0.085714 0.226558 0.000000 0.000000
0.497000 0.110914 0.134878 0.151039 0.000000 0.000000
0.505952 0.435171 0.124460 -0.226558 0.000000 0.000000
0.693000 -0.349248 0.069174 -0.151039 0.000000 0.000000
0.270000 0.204623 0.146082 0.075519 0.000000 0.000000
0.390000 -0.001488 0.104774 0.302077 0.000000 0.000000
0.549000 -0.367248 0.071913 -0.151039 0.000000 0.000000
0.300000 0.478710 0.111871 -0.302077 0.000000 0.000000
0.372000 0.195623 0.145401 0.075519 0.000000 0.000000
0.482857 -0.360676 0.070913 -0.151039 0.000000 0.000000
0.699000 0.411123 0.130003 -0.226558 0.000000 0.000000
0.632143 -0.389248 0.075261 -0.151039 0.000000 0.000000
0.666250 -0.412627 0.080606 -0.226558 0.000000 0.000000
0.620000 -0.157975 0.068074 0.151039 0.000000 0.000000
0.598684 0.484909 0.109940 -0.302077 0.000000 0.000000
0.678333 -0.462401 0.093521 -0.302077 0.000000 0.000000
0.582333 0.391086 0.134574 -0.151039 0.000000 0.000000
0.615000 0.119248 0.136147 0.151039 0.000000 0.000000
0.406111 -0.460179 0.092828 -0.302077 0.000000 0.000000
0.331923 0.093108 0.130978 0.226558 0.000000 0.000000
0.635000 -0.018026 0.099620 0.302077 0.000000 0.000000
0.321364 0.069331 0.125497 0.226558 0.000000 0.000000
0.703889 0.243889 0.147359 0.000000 -0.000000 0.000000
0.540833 0.177123 0.144001 0.075519 0.000000 0.000000
